-0.06
-0.1
-0.06
-0.01
-0.04
-0.04
0
0.01
0.01
0.02
0.05
0.06
0.06
0.06
0.04
0.02
0.02
0.02
0.01
0.01
0.01
0.02
0.01
0.01
0.01
0.01
0.02
0.02
0.02
0.02
0.02
0.02
0.03
0.03
0.03
0.03
0.04
0.04
0.04
0.04
0.03
0.01
-0.02
-0.03
-0.02
-0.02
-0.03
-0.07
-0.08
-0.07
-0.08
-0.11
-0.13
-0.15
-0.16
-0.12
-0.06
0.02
0
0.01
-0.03
-0.08
-0.12
-0.14
-0.2
-0.22
-0.22
-0.21
-0.2
-0.18
-0.18
-0.15
-0.13
-0.08
-0.02
0.05
0.09
0.17
0.3
0.44
0.6
0.72
0.94
1.1
1.17
1.09
0.9
0.64
0.31
-0.08
-0.52
-1.03
-1.45
-1.95
-2.29
-2.3
-2.18
-1.85
-0.83
0.33
1.64
2.6
3.31
3.75
3.82
3.56
3.16
2.63
2.09
1.34
0.36
-1.12
-2.96
-3.56
-3.81
-2.56
-2.23
-1.85
-1.48
-1.09
-0.58
-0.03
0.22
0.25
0.19
-0.02
-0.24
-0.41
-0.7
-0.97
-1.04
-1.14
-1.13
-1.26
-1.51
-1.88
-2.31
-2.69
-2.98
-3.09
-3.33
-3.88
-4.37
-4.14
-3.62
-1.02
0.59
1.68
2.6
3.81
4.37
4.37
4.37
4.37
4.37
4.37
4.37
4.37
4.37
4.37
2.69
0.09
-2.42
-2.3
-3.33
-4.37
-4.26
-2.65
-2.52
-2.42
-1.71
-0.96
-0.57
-0.36
-0.17
-0.1
-0.16
-0.33
-0.49
-0.76
-1.15
-1.49
-1.68
-1.97
-2.65
-3.14
-3.21
-3.42
-4.01
-4.37
-4.37
-2.8
-0.38
1.47
2.94
3.95
4.37
4.37
4.37
4.37
4.37
4.19
3
2.03
1.31
0.93
0.78
0.53
0.06
-0.36
-0.72
-0.98
-0.94
-0.6
-0.23
-0.17
-0.39
-1.01
-1.15
-1.39
-1.07
-0.79
-0.37
-0.36
-0.69
-0.63
-0.34
-0.23
-0.25
-0.2
-0.03
0.08
0.24
0.15
-0.05
-0.15
-0.2
-0.23
-0.22
-0.16
-0.08
0.01
0.06
0.02
-0.04
-0.14
-0.22
-0.28
-0.33
-0.34
-0.35
-0.34
-0.47
-0.69
-1.02
-1.42
-1.74
-2.15
-2.61
-2.94
-3.25
-3.66
-4.18
-4.23
-2.74
-1.36
0.06
1.45
2.9
4.03
4.37
4.37
4.37
4.37
4.37
4.37
4.37
4.37
2.95
1.98
0.83
-0.67
-2.62
-1.05
-2.49
-2.09
-1.71
-1.7
-1.39
-1.24
-1.03
-0.74
-0.64
-0.48
-0.38
-0.34
-0.28
-0.25
-0.2
-0.18
-0.25
-0.43
-0.56
-0.6
-0.56
-0.44
-0.28
-0.21
-0.2
-0.31
-0.57
-0.77
-1.01
-1.31
-1.6
-1.97
-2.6
-3.13
-3.58
-3.33
-1.4
0.32
1.76
2.63
2.76
2.92
3.23
3.56
3.81
4.05
4.08
4.07
3.89
3.64
3.47
3.09
2.54
1.79
0.94
0.1
-0.82
-1.51
-2.08
-2.24
-1.84
-1.75
-1.29
-1.23
-1.35
-1.29
-1.01
-0.67
-0.49
-0.44
-0.36
-0.34
-0.38
-0.38
-0.35
-0.33
-0.32
-0.23
-0.18
-0.18
-0.21
-0.27
-0.36
-0.39
-0.43
-0.51
-0.56
-0.62
-0.75
-0.84
-0.81
-0.82
-0.95
-1.27
-1.69
-2.18
-2.76
-2.96
-3
-2.93
-2.51
-1.32
-0.03
1.03
1.77
2.42
3.09
3.63
4.05
4.22
4.14
3.73
3.34
3.09
2.73
2.3
1.61
0.85
0.09
-0.9
-2.4
-1.76
-1.7
-1.46
-1.01
-0.71
-0.63
-0.68
-0.55
-0.35
-0.3
-0.34
-0.36
-0.37
-0.37
-0.41
-0.42
-0.38
-0.34
-0.36
-0.34
-0.31
-0.36
-0.47
-0.53
-0.65
-0.77
-0.9
-1.12
-1.41
-1.6
-1.87
-2.22
-2.45
-2.5
-2.39
-2.11
-1.46
-0.86
-0.23
0.41
0.98
1.38
1.63
1.67
1.41
0.97
0.5
0.13
-0.28
-0.75
-1.16
-0.97
-0.48
-0.24
-0.19
-0.16
0.07
0.39
0.17
-0.07
0
0.12
0.14
0.14
0.04
-0.09
-0.21
-0.24
-0.22
-0.22
-0.26
-0.29
-0.29
-0.25
-0.27
-0.24
-0.19
-0.18
-0.23
-0.26
-0.28
-0.29
-0.29
-0.29
-0.3
-0.29
-0.3
-0.28
-0.31
-0.34
-0.37
-0.42
-0.48
-0.48
-0.53
-0.5
-0.52
-0.55
-0.55
-0.5
-0.49
-0.51
-0.45
-0.43
-0.36
-0.29
-0.17
-0.05
0.07
0.17
0.3
0.39
0.44
0.44
0.42
0.37
0.38
0.38
0.34
0.32
0.35
0.45
0.64
0.92
1.24
1.52
1.87
2.14
2.37
2.57
2.66
2.67
2.49
2.39
1.89
1.5
0.82
0.36
0.48
0.04
-0.15
0
0.05
-0.15
-0.19
-0.27
-0.32
-0.34
-0.37
-0.34
-0.27
-0.28
-0.29
-0.39
-0.62
-0.89
-1.13
-1.38
-1.56
-1.64
-1.62
-1.53
-1.42
-1.28
-1.09
-0.88
-0.6
-0.4
-0.29
-0.25
-0.24
-0.19
-0.16
-0.13
-0.12
-0.12
-0.1
-0.07
-0.05
-0.04
-0.06
-0.13
-0.21
-0.26
-0.28
-0.23
-0.17
-0.08
0.03
0.05
0.06
0.01
-0.02
-0.02
0.01
0.02
0.02
0.02
0.01
0
0
0.01
0.01
0.01
0.01
0.01
0.02
0.03
0.03
0.03
0.03
0.03
0.02
0.02
0.01
0.01
0.01
0.01
0.01
0.01
0.01
0
0
0.01
0.01
0.01
0.01
0.01
0.01
0.01
0.01
0.02
0.01
0.01
0.01
0.01
0.01
0.01
0.01
0
-0.01
0.01
0.02
0.02
0.01
0.01
0.01