2.24346
1.59149
1.21542
-3.22136
-4.96168
1.05581
0.623403
-5.23409
6.96356
32.8915
-20.7609
-11.5675
-1.80345
-8.40596
7.5358
2.03838
4.25641
-2.01093
7.21715
-20.5151
3.73867
7.98908
-1.88538
7.69765
5.21454
2.32478
-10.2737
-2.97894
-2.58572
3.98239
2.44802
-1.22964
-2.22021
0.314801
-1.31962
1.18637
-3.67183
-2.16846
2.48379
0.341872
2.07875
0.0256933
-0.709461
-0.858203
2.29475
-4.55161
-0.271472
2.15125
-0.587692
0.787704
1.43798
-0.757133
0.283897
0.151974
-1.19079
0.225392
0.882125
-0.410844
0.638526
-0.0441609
-0.205013
0.953221
-1.16474
-0.286407
-0.561292
-0.133475
0.780521
0.203338
0.311567
0.986351
-0.0379692
-1.28123
-0.507563
0.73792
0.155318
1.04171
0.0110041
-0.425487
0.319377
0.526008
-1.08624
-0.715059
0.815884
0.156172
-0.0809171
-0.905407
-0.49745
0.163406
0.393175
-1.54742
-0.72633
0.884434
0.790449
-0.24762
-0.487383
0.439093
0.922092
0.282955
-0.984066
-0.573954
1.31555
0.839387
-0.99131
-0.114206
0.0757344
-0.124811
-0.499595
-0.485041
-0.407681
0.632047
0.412204
-0.219669
-0.00703652
-0.370221
-0.0928603
0.0947563
0.254687
-0.297891
0.256566
0.242999
0.133956
-0.193326
-0.114562
0.0861792
0.548427
0.0457465
-0.443244
0.138874
0.463284
0.199557
-0.0743161
-0.445049
-0.251912
0.608111
-0.116971
-0.773236
0.0875
0.167524
0.110055
-0.178799
-0.474726
-0.0491917
0.693341
0.148294
-0.635626
0.075286
0.652191
0.0883561
0.129196
0.0377021
-0.108458
0.390411
-0.0701822
-0.913593
0.192282
1.01248
-0.554306
-0.345544
-0.146099
-0.215605
0.0636127
0.0281539
-0.411534
0.0445892
0.378008
-0.0640078
-0.261525
0.111299
-0.17687
-0.0492097
0.519712
-0.190395
-0.191911
0.647974
0.382954
-0.182808
0.156023
-0.560308
0.219387
0.577653
-0.31292
-0.431346
0.562704
0.401569
-0.123709
-0.237031
-0.654087
0.64223
0.201148
-0.422773
-0.114415
0.1145
0.158088
-0.0278176
-0.585386
-0.101255
0.375021
0.245453
-0.0938675
0.107668
0.2763
0.348722
-0.00654755
-0.282454
0.166622
0.180112
0.347875
-0.041132
-0.194722
0.143557
0.117046
-0.25542
-0.0429262
-0.216816
-0.153311
0.389733
-0.0484251
-0.571095
0.0380558
0.157037
0.0549742
0.113067
-0.487102
-0.164559
0.57763
0.204976
-0.298054
0.0925226
0.324512
0.263288
-0.0438489
-0.447395
-0.0325815
0.550918
0.178593
-0.0623911
-0.366064
0.321888
0.451
-0.549947
-0.341703
-0.0210925
0.342086
0.231392
-0.421154
-0.634703
0.469253
0.356629
-0.534818
-0.0931081
-0.177197
0.374635
0.496839
-0.31612
-0.0444058
0.182173
0.11215
0.182173
-0.0444058
-0.31612
0.496839
0.374635
-0.177197
-0.0931081
-0.534818
0.356629
0.469253
-0.634703
-0.421154
0.231392
0.342086
-0.0210925
-0.341703
-0.549947
0.451
0.321888
-0.366064
-0.0623911
0.178593
0.550918
-0.0325815
-0.447395
-0.0438489
0.263288
0.324512
0.0925226
-0.298054
0.204976
0.57763
-0.164559
-0.487102
0.113067
0.0549742
0.157037
0.0380558
-0.571095
-0.0484251
0.389733
-0.153311
-0.216816
-0.0429262
-0.25542
0.117046
0.143557
-0.194722
-0.041132
0.347875
0.180112
0.166622
-0.282454
-0.00654755
0.348722
0.2763
0.107668
-0.0938675
0.245453
0.375021
-0.101255
-0.585386
-0.0278176
0.158088
0.1145
-0.114415
-0.422773
0.201148
0.64223
-0.654087
-0.237031
-0.123709
0.401569
0.562704
-0.431346
-0.31292
0.577653
0.219387
-0.560308
0.156023
-0.182808
0.382954
0.647974
-0.191911
-0.190395
0.519712
-0.0492097
-0.17687
0.111299
-0.261525
-0.0640078
0.378008
0.0445892
-0.411534
0.0281539
0.0636127
-0.215605
-0.146099
-0.345544
-0.554306
1.01248
0.192282
-0.913593
-0.0701822
0.390411
-0.108458
0.0377021
0.129196
0.0883561
0.652191
0.075286
-0.635626
0.148294
0.693341
-0.0491917
-0.474726
-0.178799
0.110055
0.167524
0.0875
-0.773236
-0.116971
0.608111
-0.251912
-0.445049
-0.0743161
0.199557
0.463284
0.138874
-0.443244
0.0457465
0.548427
0.0861792
-0.114562
-0.193326
0.133956
0.242999
0.256566
-0.297891
0.254687
0.0947563
-0.0928603
-0.370221
-0.00703652
-0.219669
0.412204
0.632047
-0.407681
-0.485041
-0.499595
-0.124811
0.0757344
-0.114206
-0.99131
0.839387
1.31555
-0.573954
-0.984066
0.282955
0.922092
0.439093
-0.487383
-0.24762
0.790449
0.884434
-0.72633
-1.54742
0.393175
0.163406
-0.49745
-0.905407
-0.0809171
0.156172
0.815884
-0.715059
-1.08624
0.526008
0.319377
-0.425487
0.0110041
1.04171
0.155318
0.73792
-0.507563
-1.28123
-0.0379692
0.986351
0.311567
0.203338
0.780521
-0.133475
-0.561292
-0.286407
-1.16474
0.953221
-0.205013
-0.0441609
0.638526
-0.410844
0.882125
0.225392
-1.19079
0.151974
0.283897
-0.757133
1.43798
0.787704
-0.587692
2.15125
-0.271472
-4.55161
2.29475
-0.858203
-0.709461
0.0256933
2.07875
0.341872
2.48379
-2.16846
-3.67183
1.18637
-1.31962
0.314801
-2.22021
-1.22964
2.44802
3.98239
-2.58572
-2.97894
-10.2737
2.32478
5.21454
7.69765
-1.88538
7.98908
3.73867
-20.5151
7.21715
-2.01093
4.25641
2.03838
7.5358
-8.40596
-1.80345
-11.5675
-20.7609
32.8915
6.96356
-5.23409
0.623403
1.05581
-4.96168
-3.22136
1.21542
1.59149
