-0.00181923
0.00218611
0.0101968
0.0115319
0.00485634
0.00485634
0.00352123
0.0115319
0.0302235
0.024883
0.00485634
-0.000484114
-0.000484114
0.000850999
-0.00181923
0.00218611
0.0168724
0.0168724
-0.00181923
-0.00315434
-0.000484114
-0.000484114
0.000850999
0.00218611
0.00352123
0.00218611
-0.000484114
-0.00715968
-0.0125001
-0.0191757
-0.023181
-0.033862
-0.0365322
-0.0445429
-0.0592291
-0.0485482
-0.0392024
-0.045878
-0.0405375
-0.0378673
-0.0405375
-0.033862
-0.0258513
-0.0165055
-0.00181923
0.00752657
0.0182075
0.0315586
0.0422395
0.0502502
0.0782876
0.0929738
0.103655
0.115671
0.122346
0.129022
0.145043
0.145043
0.151719
0.158394
0.158394
0.157059
0.158394
0.155724
0.149049
0.154389
0.157059
0.147713
0.133027
0.115671
0.0782876
0.0302235
-0.0178406
-0.0605642
-0.0752505
-0.0725802
-0.0659047
-0.0512184
-0.0365322
-0.0271864
-0.0191757
-0.00448946
0.00752657
0.0142021
0.0155372
0.0168724
0.0168724
0.012867
-0.00448945
-0.0205108
-0.0472131
-0.0765856
-0.108628
-0.139336
-0.19274
-0.208762
-0.212767
-0.220778
-0.216772
-0.200751
-0.116639
-0.0525535
0.0302235
0.134362
0.226485
0.299916
0.408061
0.440103
0.46013
0.461465
0.448114
0.420077
0.351986
0.313268
0.270544
0.230491
0.171746
0.0983143
-0.0271864
-0.0926069
-0.152687
-0.186065
-0.12999
-0.00582457
-0.188735
-0.206092
-0.198081
-0.19007
-0.162033
-0.151352
-0.142006
-0.13266
-0.101953
-0.0805909
-0.0659047
-0.0552238
-0.0405375
-0.0378673
-0.0418726
-0.0392024
-0.0392024
-0.0418726
-0.0472131
-0.0552238
-0.0886016
-0.0966123
-0.104623
-0.109963
-0.107293
-0.113969
-0.151352
-0.172714
-0.195411
-0.223448
-0.256826
-0.294209
-0.343608
-0.376986
-0.405023
-0.399683
-0.355624
-0.294209
-0.0472131
0.0462449
0.133027
0.245177
0.3373
0.40272
0.52021
0.576285
0.586966
0.586966
0.586966
0.586966
0.586966
0.586966
0.478822
0.34531
0.151719
-0.0552238
-0.218108
-0.275517
-0.405023
-0.295544
-0.308895
-0.199416
-0.164703
-0.133995
-0.103288
-0.0725802
-0.057894
-0.0552238
-0.0418726
-0.0365322
-0.0405375
-0.0472131
-0.0538887
-0.0605642
-0.0672398
-0.0739154
-0.0886016
-0.100618
-0.113969
-0.12732
-0.147347
-0.170044
-0.224783
-0.246145
-0.271512
-0.300885
-0.320911
-0.328922
-0.366305
-0.360965
-0.316906
-0.263501
-0.156692
-0.0739154
0.0903036
0.186432
0.263868
0.325284
0.378688
0.421412
0.496178
0.510864
0.518875
0.518875
0.502854
0.482827
0.453454
0.381358
0.338635
0.281225
0.191772
0.0756174
-0.0378673
-0.120644
-0.12999
-0.166038
-0.214102
-0.174049
-0.151352
-0.101953
-0.0285215
-0.0271864
-0.0258513
-0.0191757
-0.023181
-0.0365322
-0.045878
-0.0365322
-0.0271864
-0.0298566
-0.0245162
-0.0205108
-0.0178406
-0.0178406
-0.0245162
-0.0271864
-0.0271864
-0.0298566
-0.0351971
-0.0418726
-0.0432077
-0.0405375
-0.0392024
-0.045878
-0.0538887
-0.06991
-0.100618
-0.12999
-0.144676
-0.138001
-0.135331
-0.12465
-0.119309
-0.101953
-0.0872665
-0.045878
-0.0125001
0.0208777
0.0208777
0.0222128
0.0288884
0.0288884
0.0368991
0.0155372
0.00619145
-0.00181923
0.0315586
0.0382342
0.0422395
0.0315586
0.024883
0.0168724
0.0195426
0.0235479
0.0168724
0.0302235
0.0328937
0.0355639
0.0395693
0.0382342
0.0355639
0.0208777
0.012867
0.0115319
0.00752657
0.00218611
-0.00982991
-0.0485482
-0.0725802
-0.105958
-0.139336
-0.166038
-0.179389
-0.19274
-0.208762
-0.210097
-0.200751
-0.196746
-0.186065
-0.0485482
0.0182075
0.0983143
0.185097
0.255858
0.319943
0.409396
0.425417
0.433428
0.434763
0.430758
0.426752
0.372013
0.323948
0.267874
0.198448
0.123681
0.0382342
-0.12732
-0.194076
-0.0832612
-0.232794
-0.272847
-0.199416
-0.178054
-0.136666
-0.12732
-0.12465
-0.119309
-0.116639
-0.0872665
-0.081926
-0.0765856
-0.0618993
-0.0512184
-0.045878
-0.0418726
-0.0405375
-0.0432077
-0.0498833
-0.0645696
-0.081926
-0.113969
-0.131325
-0.151352
-0.176719
-0.208762
-0.243475
-0.312901
-0.355624
-0.379656
-0.403688
-0.413034
-0.402353
-0.318241
-0.243475
-0.120644
-0.0378673
0.0502502
0.143708
0.309262
0.370677
0.424082
0.477487
0.528221
0.573615
0.586966
0.586966
0.586966
0.586966
0.586966
0.536232
0.302587
0.106325
-0.120644
-0.274182
-0.303555
0.0288884
-0.334262
-0.308895
-0.323582
-0.223448
-0.171379
-0.143341
-0.116639
-0.0912718
-0.0672398
-0.0592291
-0.057894
-0.057894
-0.0592291
-0.0645696
-0.0752505
-0.0792558
-0.081926
-0.0792558
-0.0685749
-0.0725802
-0.081926
-0.101953
-0.12732
-0.183395
-0.222113
-0.258161
-0.291539
-0.31023
-0.320911
-0.3623
-0.378321
-0.347614
-0.290204
-0.25015
-0.109963
0.0489151
0.16774
0.253187
0.325284
0.390704
0.442774
0.530891
0.554923
0.57762
0.585631
0.565604
0.533561
0.428087
0.372013
0.309262
0.187767
0.0262182
-0.13266
-0.312901
-0.271512
-0.239469
-0.19274
-0.136666
-0.0992825
-0.0605642
-0.0485482
-0.0432077
-0.0432077
-0.0472131
-0.0472131
-0.0525535
-0.0512184
-0.0565589
-0.057894
-0.0552238
-0.0538887
-0.0752505
-0.0752505
-0.0899367
-0.111299
-0.135331
-0.154022
-0.142006
-0.117974
-0.0912718
-0.0739154
-0.0685749
-0.0365322
0.0382342
0.0582609
0.059596
0.0636013
0.0542555
0.0662716
0.10766
0.131692
0.10232
-0.0191757
0.0302235
-0.0218459
-0.0298566
-0.0125001
-0.0245162
-0.0298566
-0.0191757
-0.000484114
0.0101968
0.0168724
0.0235479
0.0195426
0.0155372
0.0101968
-0.000484114
-0.00181923
-0.00982991
-0.0218459
