-0.00982992
-0.00782723
-0.0071597
-0.00782724
-0.011165
-0.0125001
-0.0158379
-0.0151704
-0.00649217
-0.00782725
-0.017173
-0.0231811
-0.0271864
-0.0345295
-0.0512184
-0.0639021
-0.063902
-0.0605642
-0.0685749
-0.063902
-0.0598967
-0.0512185
-0.0432078
-0.0218459
-0.00448947
0.0115319
0.0101968
0.00752656
0.00819414
0.00485637
0.00685903
-0.00916235
-0.0151704
-0.0231811
-0.0138353
-0.00515702
0.00151855
-0.00715969
-0.00782724
-0.0104975
-0.0104975
-0.00515699
-0.00448944
0.00685902
0.0155373
0.0215452
0.0288884
0.0348964
0.0389017
0.035564
0.0455773
0.0522529
0.0555907
0.0589284
0.0562582
0.0402369
0.0362315
0.0195426
0.00619145
-0.00382189
-0.0104975
-0.0178406
-0.0251837
-0.0271864
-0.0258513
-0.0211784
-0.0145028
0.0495827
0.0756174
0.106993
0.131692
0.143041
0.151051
0.174416
0.175083
0.180424
0.184429
0.18977
0.19511
0.172413
0.152386
0.131692
0.102987
0.0689418
0.0268857
-0.0552238
-0.0886016
-0.0351971
-0.118642
-0.146679
-0.123315
-0.12732
-0.122647
-0.133328
-0.158695
-0.164036
-0.164703
-0.154022
-0.149349
-0.138668
-0.0892692
-0.051886
-0.00782724
0.0462449
0.0929739
0.128354
0.179089
0.187767
0.189102
0.173748
0.158394
0.134362
0.0876334
0.0522529
0.0135346
-0.0412051
-0.0919394
-0.140671
-0.215437
-0.252821
-0.27752
-0.252153
-0.186733
-0.0632345
-0.113301
-0.0779207
-0.0271864
0.059596
0.104322
0.136365
0.16774
0.19778
0.235831
0.253187
0.260531
0.265871
0.273214
0.274549
0.24718
0.131692
0.0335613
-0.0812585
-0.160698
-0.179389
-0.0298566
-0.215437
-0.206759
-0.216773
-0.165371
-0.142674
-0.147347
-0.144676
-0.143341
-0.145344
-0.158028
-0.176052
-0.200751
-0.218108
-0.234797
-0.237467
-0.21744
-0.188068
-0.0632345
-0.0111651
0.0302235
0.0816254
0.117673
0.1377
0.168408
0.177086
0.164402
0.147714
0.138368
0.133027
0.112333
0.104322
0.065604
0.0275533
-0.0492158
-0.0825936
-0.0845963
-0.0538887
-0.075918
0.0148697
0.0409044
0.121679
0.183094
0.210464
0.237166
0.256525
0.253855
0.239169
0.193107
0.16774
0.134362
0.0702769
-0.0138352
-0.0966123
-0.19007
-0.172714
-0.164036
-0.146679
-0.125317
-0.113301
-0.103955
-0.109296
-0.133996
-0.144676
-0.159363
-0.174049
-0.186733
-0.19007
-0.211432
-0.209429
-0.186065
-0.158695
-0.115971
-0.0745829
0.000183444
0.0375666
0.064269
0.0856308
0.118341
0.151719
0.202453
0.218475
0.22515
0.241171
0.270544
0.270544
0.256525
0.22248
0.196445
0.173748
0.149716
0.103655
0.0322262
-0.06991
-0.0498833
-0.0939421
-0.121979
-0.0932745
-0.087934
-0.0659047
-0.0238486
-0.0138352
-0.00782721
-0.00115165
0.000183433
-0.00849481
-0.0151704
-0.0131677
-0.0138353
-0.0158379
-0.0171731
-0.0211784
-0.00982992
-0.00782723
-0.0071597
-0.00782724
-0.011165
-0.0125001
-0.0158379
-0.0151704
-0.00649217
-0.00782725
-0.017173
-0.0231811
-0.0271864
-0.0345295
-0.0512184
-0.0639021
-0.063902
-0.0605642
-0.0685749
-0.063902
-0.0598967
-0.0512185
-0.0432078
-0.0218459
-0.00448947
0.0115319
0.0101968
0.00752656
0.00819414
0.00485637
0.00685903
-0.00916235
-0.0151704
-0.0231811
-0.0138353
-0.00515702
0.00151855
-0.00715969
-0.00782724
-0.0104975
-0.0104975
-0.00515699
-0.00448944
0.00685902
0.0155373
0.0215452
0.0288884
0.0348964
0.0389017
0.035564
0.0455773
0.0522529
0.0555907
0.0589284
0.0562582
0.0402369
0.0362315
0.0195426
0.00619145
-0.00382189
-0.0104975
-0.0178406
-0.0251837
-0.0271864
-0.0258513
-0.0211784
-0.0145028
0.0495827
0.0756174
0.106993
0.131692
0.143041
0.151051
0.174416
0.175083
0.180424
0.184429
0.18977
0.19511
0.172413
0.152386
0.131692
0.102987
0.0689418
0.0268857
-0.0552238
-0.0886016
-0.0351971
-0.118642
-0.146679
-0.123315
-0.12732
-0.122647
-0.133328
-0.158695
-0.164036
-0.164703
-0.154022
-0.149349
-0.138668
-0.0892692
-0.051886
-0.00782724
0.0462449
0.0929739
0.128354
0.179089
0.187767
0.189102
0.173748
0.158394
0.134362
0.0876334
0.0522529
0.0135346
-0.0412051
-0.0919394
-0.140671
-0.215437
-0.252821
-0.27752
-0.252153
-0.186733
-0.0632345
-0.113301
-0.0779207
-0.0271864
0.059596
0.104322
0.136365
0.16774
0.19778
0.235831
0.253187
0.260531
0.265871
0.273214
0.274549
0.24718
0.131692
0.0335613
-0.0812585
-0.160698
-0.179389
-0.0298566
-0.215437
-0.206759
-0.216773
-0.165371
-0.142674
-0.147347
-0.144676
-0.143341
-0.145344
-0.158028
-0.176052
-0.200751
-0.218108
-0.234797
-0.237467
-0.21744
-0.188068
-0.0632345
-0.0111651
0.0302235
0.0816254
0.117673
0.1377
0.168408
0.177086
0.164402
0.147714
0.138368
0.133027
0.112333
0.104322
0.065604
0.0275533
-0.0492158
-0.0825936
-0.0845963
-0.0538887
-0.075918
0.0148697
0.0409044
0.121679
0.183094
0.210464
0.237166
0.256525
0.253855
0.239169
0.193107
0.16774
0.134362
0.0702769
-0.0138352
-0.0966123
-0.19007
-0.172714
-0.164036
-0.146679
-0.125317
-0.113301
-0.103955
-0.109296
-0.133996
-0.144676
-0.159363
-0.174049
-0.186733
-0.19007
-0.211432
-0.209429
-0.186065
-0.158695
-0.115971
-0.0745829
0.000183444
0.0375666
0.064269
0.0856308
0.118341
0.151719
0.202453
0.218475
0.22515
0.241171
0.270544
0.270544
0.256525
0.22248
0.196445
0.173748
0.149716
0.103655
0.0322262
-0.06991
-0.0498833
-0.0939421
-0.121979
-0.0932745
-0.087934
-0.0659047
-0.0238486
-0.0138352
-0.00782721
-0.00115165
0.000183433
-0.00849481
-0.0151704
-0.0131677
-0.0138353
-0.0158379
-0.0171731
-0.0211784
