0.0991476
0.00495636
0.00330423
0.0376447
0.0702151
-0.00401229
-0.0734013
-0.0284401
-0.215366
-0.00896865
0.0243097
0.041657
-0.107034
0.0750534
0.105736
0.0265519
1.08237
0.0230117
0.0149871
-0.042483
0.0670288
-0.0588862
-0.0865002
-0.0228937
0.121313
-0.123319
-0.254072
-0.00755254
-0.502244
-0.0338684
-0.0737553
0.0346945
-0.52679
0.0610104
0.119307
0.0210055
0.245694
0.0232477
0.0119189
-0.0191174
0.359454
0.000354026
-0.014043
0.0462593
0.0372907
0.00224216
0.0267879
0.00944069
0.321337
-0.0153411
0.070097
-0.0166392
0.147629
-0.0193534
-0.0318623
-0.0201795
0.223626
0.0285581
0.0903945
-0.0189994
0.170286
-0.0151051
-0.00873262
-0.0182913
0.142318
0.0128629
0.0253718
-0.0264339
-0.0370546
0.0385888
0.0367006
0.0186453
-0.102667
-0.0569981
-0.184683
0.0264339
-0.384
0.0164032
-0.00106207
0.0639606
-0.305288
-0.0266699
-0.0630165
0.0123909
-0.0208875
-0.0129809
-0.0467314
-0.0234837
0.125915
0.014161
-0.0179373
-0.042129
0.0175833
-0.0651407
-0.0852021
-0.0194714
-0.187988
0.0512157
0.0679729
0.000118003
0.139132
-0.00944068
0.0127449
0.00790655
0.313313
-0.0313903
-0.0651407
-0.0371727
-0.343759
0.000472034
-0.0127449
0.05511
0.677133
0.0230117
0.0329244
-0.0177013
0.130281
-0.00908666
0.00153412
-0.0587682
0.042011
-0.0772955
-0.0725752
0.00283219
-0.177721
0.013335
0.0867362
0.00188813
-0.145976
-0.0370547
-0.0479114
0.0102667
-0.107034
-0.0148691
0.0155771
0.0225396
-0.00908667
0.0469674
0.084258
-0.0199434
0.25596
-0.0328064
-0.0202975
-0.0534578
-0.296673
-0.0728112
-0.129691
-0.00802458
-0.420818
0.0364646
0.0898044
0.0526318
-0.941708
0.0156951
0.0315083
0.0436631
0.0476755
0.0541659
0.125443
0.0169932
0.701207
-0.027732
-0.0348125
-0.027614
-0.131697
-0.0239557
0.0102667
0.00306823
-0.100779
-0.0867362
-0.134412
0.014397
-0.206751
-0.0107388
-0.0265519
-0.0210055
-0.139132
-0.0040123
-0.0755254
0.013571
-0.143852
2.63418e-009
0.0188814
0.0728112
-0.0265519
0.0368186
0.0125089
-0.0324523
-0.054874
-0.0172292
-0.083314
0.0503896
-0.219024
0.0270239
0.0444892
-0.0202975
0.0844941
-0.0341045
0.00531039
-0.00354025
0.296201
-0.00200614
0.0187633
-0.0304462
0.131933
-0.0499176
-0.0893324
-0.0292661
-0.577888
0.0748174
0.175597
0.0496816
0.361696
0.027614
0.0162852
-0.00649047
0.707933
0.122493
0.271892
0.00672649
0.526436
0.0384708
0.0219496
-0.0404769
-0.369485
-0.0960589
-0.141846
-0.014515
-0.208993
0.00660848
-0.0257259
-0.0161672
-0.770477
0.0877983
0.18787
-0.00247817
0.478524
0.0455513
0.0863822
-0.0588862
-0.706163
0.0395329
0.0577062
0.013925
0.028086
0.0333964
-0.00767052
0.0158131
0.180789
-0.00578242
-0.0843761
0.0224216
-0.0309183
-0.00578242
-0.027496
-0.0257258
0.201677
-0.0186453
-0.0228936
-0.0253718
0.00106207
0.00188814
0.0011801
0.0107388
-0.00153412
0.0151051
0.0155771
-0.0350485
0.0735192
-0.0167572
-0.0335144
-0.0329244
0.219968
-0.0440172
-0.138188
0.00401229
-0.366534
0.0485015
0.0805998
0.0384708
-0.509325
0.00649046
-0.0574701
0.0082606
-0.0715132
-0.00814258
-0.0156951
0.013453
-1.10739
-0.0395328
-0.0664388
-0.027378
-0.238849
-0.0213595
0.0128629
0.0356386
-0.112108
-0.00719852
-0.0227756
-0.0658487
0.0054284
-0.0598303
-0.0539299
-0.00613645
-1.07164
0.069153
0.14161
0.0397689
0.232359
0.0252538
0.0502716
0.0246638
0.702269
0.0616004
0.130281
-0.00460233
0.273426
0.0195894
-0.0195894
-0.0437812
-0.330188
-0.0433091
-0.0485015
0.00637246
-0.0472034
0.0109748
0.040949
-0.0493275
-0.211707
0.0567621
0.142672
0.00637247
0.430023
0.0218316
-0.0071985
-0.0540479
0.143144
-0.0781216
-0.194006
0.0178193
-0.461531
-0.0306822
-0.0519237
0.0676189
-0.975812
-0.013689
-0.0356385
0.0227756
-0.133232
0.0389428
0.0351665
0.0178193
0.0730473
0.00873263
0.0526318
0.013571
0.0827239
-0.0290301
-0.027378
0.0121549
0.362876
-0.0219496
0.00165213
0.00460233
-0.00837866
-0.0483835
-0.0566441
-0.0407129
-0.228228
-0.027024
-0.0319803
-0.00330424
-0.0885064
0.0567621
0.0964129
0.00731653
-0.519709
0.103965
0.176895
0.0493275
0.458817
0.069743
0.0957049
-0.0103847
0.514399
0.0464953
0.0679729
0.013807
0.113642
-0.0108568
-0.042011
0.0201794
0.244868
-0.0351665
-0.0476754
-0.00649048
-0.247936
0.00566441
0.0169932
0.0333964
-0.769651
0.0220676
0.0772956
0.0210055
0.219024
0.0192354
0.0161672
-0.0814259
0.267171
0.0751714
0.224806
0.00141611
0.534106
0.00625445
0.0305642
-0.0514517
0.2169
0.0728112
0.144796
-0.00896864
0.333964
0.0461413
0.0437812
-0.0379987
0.661556
0.0397689
0.00507435
-0.00613644
0.0516877
-0.0156951
-0.110574
0.0375267
1.17076
0.014397
0.00259617
-0.00271419
0.163206
-0.0323343
-0.106208
-0.0329244
0.297263
-0.0405949
-0.0561721
-0.0171112
-0.0928727
-0.0509797
-0.0936987
-0.0256079
0.302574
-0.0149871
-0.0529858
0.0181733
-0.171584
0.0114468
0.0308002
0.0129809
-0.240501
-0.0308002
-0.0805998
0.02785
-0.206279
-0.0223036
0.0230117
0.0476754
-0.277674
0.0922827
0.265519
-0.0383528
0.615414
-0.0151051
0.0238377
-0.0319803
1.22906
-0.0667928
-0.122493
-0.0265519
-0.30458
-0.0467314
-0.0649047
0.0284401
0.66899
0.00448432
-0.041539
0.0286761
-0.0086146
0.0172292
-0.00731652
-0.0015341
-0.397571
0.00330424
0.0115648
0.0444892
-0.0461413
0.0882704
0.144442
0.0161672
0.875623
-0.113878
-0.240855
-0.0306822
-0.503188
-0.0508616
-0.0600663
-0.00778856
-1.01959
-0.13276
-0.289475
-0.0127449
-0.66132
-0.0154591
-0.00908666
0.0667928
