-0.001819228
0.002186113
0.010196794
0.011531907
0.00485634
0.00485634
0.003521226
0.011531907
0.030223496
0.024883042
0.00485634
-0.000484114
-0.000484114
0.000850999
-0.001819228
0.002186113
0.016872361
0.016872361
-0.001819228
-0.003154341
-0.000484114
-0.000484114
0.000850999
0.002186113
0.003521226
0.002186113
-0.000484114
-0.007159682
-0.012500136
-0.019175703
-0.023181044
-0.033861951
-0.036532178
-0.044542859
-0.059229108
-0.0485482
-0.039202405
-0.045877973
-0.040537519
-0.037867292
-0.040537519
-0.033861951
-0.025851271
-0.016505476
-0.001819228
0.007526567
0.018207474
0.031558609
0.042239517
0.050250198
0.078287581
0.09297383
0.103654737
0.115670759
0.122346326
0.129021894
0.145043256
0.145043256
0.151718823
0.15839439
0.15839439
0.157059277
0.15839439
0.155724163
0.149048596
0.15438905
0.157059277
0.147713482
0.133027234
0.115670759
0.078287581
0.030223496
-0.01784059
-0.060564221
-0.075250469
-0.072580242
-0.065904675
-0.051218427
-0.036532178
-0.027186384
-0.019175703
-0.004489455
0.007526567
0.014202134
0.015537247
0.016872361
0.016872361
0.012867021
-0.004489455
-0.020510817
-0.047213086
-0.076585583
-0.108628307
-0.139335917
-0.192740456
-0.208761818
-0.212767158
-0.220777839
-0.216772499
-0.200751137
-0.116638987
-0.05255354
0.030223496
0.134362348
0.226485178
0.29991642
0.408060612
0.440103336
0.460130038
0.461465151
0.448114017
0.420076633
0.351985846
0.313267555
0.270543923
0.230490519
0.171745525
0.098314284
-0.027186384
-0.092606945
-0.152687052
-0.186064889
-0.129990122
-0.005824568
-0.188735116
-0.206091591
-0.19808091
-0.190070229
-0.162032846
-0.151351938
-0.142006144
-0.132660349
-0.101952739
-0.080590923
-0.065904675
-0.055223767
-0.040537519
-0.037867292
-0.041872632
-0.039202405
-0.039202405
-0.041872632
-0.047213086
-0.055223767
-0.088601604
-0.096612285
-0.104622966
-0.10996342
-0.107293193
-0.113968761
-0.151351938
-0.172713754
-0.195410683
-0.223448066
-0.256825903
-0.294209081
-0.34360828
-0.376986117
-0.4050235
-0.399683046
-0.355624301
-0.294209081
-0.047213086
0.046244858
0.133027234
0.245176767
0.337299597
0.402720158
0.520210145
0.576284911
0.586965819
0.586965819
0.586965819
0.586965819
0.586965819
0.586965819
0.478821627
0.345310278
0.151718823
-0.055223767
-0.218107612
-0.275517492
-0.4050235
-0.295544194
-0.308895329
-0.199416024
-0.164703073
-0.133995463
-0.103287853
-0.072580242
-0.057893994
-0.055223767
-0.041872632
-0.036532178
-0.040537519
-0.047213086
-0.053888654
-0.060564221
-0.067239789
-0.073915356
-0.088601604
-0.100617626
-0.113968761
-0.127319895
-0.147346598
-0.170043527
-0.22478318
-0.246144995
-0.271512152
-0.300884648
-0.320911351
-0.328922032
-0.366305209
-0.360964755
-0.31690601
-0.263501471
-0.156692392
-0.073915356
0.090303603
0.186431774
0.263868356
0.325283576
0.378688115
0.421411747
0.496178102
0.51086435
0.518875031
0.518875031
0.502853669
0.482826967
0.45345447
0.381358342
0.338634711
0.281224831
0.191772227
0.075617354
-0.037867292
-0.120644328
-0.129990122
-0.166038186
-0.214102272
-0.174048867
-0.151351938
-0.101952739
-0.028521497
-0.027186384
-0.025851271
-0.019175703
-0.023181044
-0.036532178
-0.045877973
-0.036532178
-0.027186384
-0.029856611
-0.024516157
-0.020510817
-0.01784059
-0.01784059
-0.024516157
-0.027186384
-0.027186384
-0.029856611
-0.035197065
-0.041872632
-0.043207746
-0.040537519
-0.039202405
-0.045877973
-0.053888654
-0.069910016
-0.100617626
-0.129990122
-0.144676371
-0.138000803
-0.135330576
-0.124649668
-0.119309214
-0.101952739
-0.087266491
-0.045877973
-0.012500136
0.020877701
0.020877701
0.022212815
0.028888382
0.028888382
0.036899063
0.015537247
0.006191453
-0.001819228
0.031558609
0.038234177
0.042239517
0.031558609
0.024883042
0.016872361
0.019542588
0.023547928
0.016872361
0.030223496
0.032893723
0.03556395
0.03956929
0.038234177
0.03556395
0.020877701
0.012867021
0.011531907
0.007526567
0.002186113
-0.009829909
-0.0485482
-0.072580242
-0.10595808
-0.139335917
-0.166038186
-0.179389321
-0.192740456
-0.208761818
-0.210096931
-0.200751137
-0.196745797
-0.186064889
-0.0485482
0.018207474
0.098314284
0.18509666
0.255857675
0.319943122
0.409395725
0.425417087
0.433427768
0.434762882
0.430757541
0.426752201
0.372012548
0.323948462
0.267873696
0.198447795
0.12368144
0.038234177
-0.127319895
-0.19407557
-0.08326115
-0.232793861
-0.272847265
-0.199416024
-0.178054208
-0.13666569
-0.127319895
-0.124649668
-0.119309214
-0.116638987
-0.087266491
-0.081926037
-0.076585583
-0.061899335
-0.051218427
-0.045877973
-0.041872632
-0.040537519
-0.043207746
-0.049883313
-0.064569562
-0.081926037
-0.113968761
-0.131325236
-0.151351938
-0.176719094
-0.208761818
-0.243474769
-0.31290067
-0.355624301
-0.379656344
-0.403688387
-0.413034181
-0.402353273
-0.318241124
-0.243474769
-0.120644328
-0.037867292
0.050250198
0.143708142
0.309262214
0.370677434
0.424081974
0.477486513
0.528220826
0.573614684
0.586965819
0.586965819
0.586965819
0.586965819
0.586965819
0.536231507
0.302586647
0.106324964
-0.120644328
-0.274182379
-0.303554875
0.028888382
-0.334262485
-0.308895329
-0.323581578
-0.223448066
-0.17137864
-0.143341257
-0.116638987
-0.091271831
-0.067239789
-0.059229108
-0.057893994
-0.057893994
-0.059229108
-0.064569562
-0.075250469
-0.07925581
-0.081926037
-0.07925581
-0.068574902
-0.072580242
-0.081926037
-0.101952739
-0.127319895
-0.183394662
-0.222112953
-0.258161017
-0.291538854
-0.310230443
-0.320911351
-0.362299869
-0.37832123
-0.34761362
-0.29020374
-0.250150336
-0.10996342
0.048915085
0.167740185
0.253187448
0.325283576
0.390704137
0.442773563
0.530891053
0.554923095
0.577620025
0.585630705
0.565604003
0.53356128
0.428087314
0.372012548
0.309262214
0.187766887
0.026218155
-0.132660349
-0.31290067
-0.271512152
-0.239469428
-0.192740456
-0.13666569
-0.099282512
-0.060564221
-0.0485482
-0.043207746
-0.043207746
-0.047213086
-0.047213086
-0.05255354
-0.051218427
-0.056558881
-0.057893994
-0.055223767
-0.053888654
-0.075250469
-0.075250469
-0.089936718
-0.111298534
-0.135330576
-0.154022165
-0.142006144
-0.117974101
-0.091271831
-0.073915356
-0.068574902
-0.036532178
0.038234177
0.058260879
0.059595992
0.063601333
0.054255539
0.06627156
0.107660078
0.131692121
0.102319624
-0.019175703
0.030223496
-0.02184593
-0.029856611
-0.012500136
-0.024516157
-0.029856611
-0.019175703
-0.000484114
0.010196794
0.016872361
0.023547928
0.019542588
0.015537247
0.010196794
-0.000484114
-0.001819228
-0.009829909
-0.02184593
