0.245595 0
0.230507 0
0.215343 0
0.20106 0
0.188582 0
0.178741 0
0.17222 0
0.169514 0
0.170887 0
0.176356 0
0.18568 0
0.19837 0
0.213713 0
0.230808 0
0.248618 0
0.266032 0
0.281927 0
0.295243 0
0.305049 0
0.310603 0
0.311408 0
0.307248 0
0.298215 0
0.284713 0
0.267442 0
0.247369 0
0.22568 0
0.203708 0
0.182862 0
0.16454 0
0.150038 0
0.140466 0
0.136666 0
0.139143 0
0.148014 0
0.162972 0
0.183278 0
0.207773 0
0.234912 0
0.26283 0
0.289417 0
0.312421 0
0.329553 0
0.338607 0
0.337579 0
0.324779 0
0.298932 0
0.259263 0
0.205565 0
0.138228 0
0.0582554 2
-0.0327622 0
-0.132694 0
-0.238946 0
-0.348566 0
-0.458362 0
-0.56504 0
-0.665345 0
-0.756205 0
-0.834867 0
-0.899021 0
-0.946902 0
-0.977368 0
-0.989948 0
-0.984862 0
-0.963 0
-0.925875 0
-0.875548 0
-0.81452 0
-0.745607 0
-0.671801 0
-0.596128 0
-0.521493 0
-0.450546 0
-0.38556 0
-0.328325 0
-0.280071 0
-0.241425 0
-0.212397 0
-0.192398 0
-0.180294 0
-0.174484 0
-0.17301 2
-0.173674 0
-0.174183 0
-0.172281 0
-0.165893 0
-0.153253 0
-0.133007 0
-0.104307 0
-0.0668681 0
-0.0209919 0
0.0324355 0
0.0919834 0
0.155746 0
0.221437 0
0.286511 0
0.348294 0
0.40413 0
0.451519 0
0.488257 0
0.512561 0
0.523164 0
0.519395 0
0.501224 0
0.469273 0
0.424791 0
0.369606 0
0.306038 0
0.236784 0
0.164797 0
0.0931353 0
0.0248169 0
-0.0373275 0
-0.0907929 0
-0.133521 0
-0.163995 0
-0.181316 0
-0.185233 0
-0.176156 0
-0.155123 0
-0.123741 0
-0.0840969 0
-0.0386479 0
0.00991191 0
0.0587908 0
0.105244 0
0.146716 0
0.180965 0
0.206182 0
0.22107 0
0.22491 0
0.217589 0
0.199593 0
0.171978 0
0.136305 0
0.0945484 0
0.0489862 0
0.00207713 0
-0.0436742 0
-0.0858511 0
-0.122252 0
-0.151008 0
-0.170676 0
-0.180313 0
-0.179523 0
-0.168474 0
-0.147881 0
-0.118966 0
-0.0833886 0
-0.043156 0
-0.000510704 0
0.0421884 0
0.0825931 0
0.118491 0
0.147925 0
0.169293 0
0.181439 0
0.183714 0
0.176007 0
0.158764 0
0.132961 0
0.100063 0
0.0619516 0
0.0208406 0
-0.0208333 0
-0.0605246 0
-0.0956983 0
-0.12395 0
-0.143115 0
-0.151372 0
-0.147322 0
-0.130055 0
-0.0991884 0
-0.0548825 0
0.00216486 0
0.0707503 0
0.149216 0
0.235521 0
0.32732 0
0.422066 0
0.5171 0
0.609757 0
0.697461 0
0.777813 0
0.84867 0
0.908207 0
0.954967 0
0.98789 0
1.00633 0
1.01005 0
0.999209 0
0.974319 0
0.93622 0
0.886021 0
0.825044 0
0.754774 0
0.676794 0
0.592737 0
0.504235 0
0.412875 0
0.320166 0
0.22751 0
0.136181 0
0.0473151 0
-0.038095 0
-0.119201 0
-0.195294 0
-0.265793 0
-0.330239 0
-0.388281 0
-0.439667 0
-0.484228 0
-0.521877 0
-0.552594 0
-0.576424 0
-0.593469 0
-0.603886 0
-0.607885 0
-0.605723 0
-0.597701 0
-0.584159 0
-0.565474 0
-0.542052 0
-0.514319 0
-0.482717 0
-0.447695 0
-0.4097 0
-0.369172 0
-0.326538 0
-0.282211 0
-0.236581 0
-0.190027 0
-0.14291 0
-0.0955854 0
-0.0484054 0
-0.00172984 0
0.044067 0
0.088589 0
0.131412 0
0.172082 0
0.210114 0
0.245 0
0.276215 0
0.303234 0
0.325549 0
0.342691 0
0.354259 0
0.359941 0
0.359546 0
0.353024 0
0.340492 0
0.322246 0
0.298768 0
0.270732 0
0.238988 0
0.204547 0
0.16855 0
0.132229 0
0.0968616 0
0.063718 0
0.0340068 0
0.00881633 0
-0.0109394 0
-0.0245706 0
-0.0316533 0
-0.0320601 0
-0.0259774 0
-0.0139086 0
0.00333968 0
0.024687 0
0.0488235 0
0.0742692 0
0.0994436 0
0.122744 0
0.14263 0
0.157704 0
0.166792 0
0.169016 0
0.163846 0
0.151151 0
0.131212 0
0.104732 0
0.0728093 0
0.0368963 0
-0.00126127 0
-0.0397076 0
-0.0763716 0
-0.109172 0
-0.136128 0
-0.155467 0
-0.165728 0
-0.165852 0
-0.155252 0
-0.133865 0
-0.102179 0
-0.0612244 0
-0.0125491 0
0.0418429 0
0.0995756 0
0.158007 0
0.214351 0
0.265814 0
0.309736 0
0.343721 0
0.365774 0
0.374405 0
0.368723 0
0.348497 0
0.314185 0
0.266934 0
0.20854 0
0.141381 0
0.0683114 0
-0.00746009 0
-0.0825212 0
-0.153415 0
-0.216805 0
-0.269642 0
-0.309311 0
-0.333771 0
-0.341657 0
-0.332362 0
-0.306076 0
-0.263788 0
-0.20725 0
-0.138904 0
-0.0617751 0
0.0206697 0
0.104679 0
0.186395 0
0.262034 0
0.32807 0
0.381404 0
0.419509 0
0.44056 0
0.44352 0
0.428194 0
0.39524 0
0.346138 0
0.283123 0
0.209081 0
0.127406 0
0.0418453 0
-0.0436845 0
-0.12528 0
-0.199237 0
-0.262227 0
-0.311451 0
-0.34477 0
-0.360799 0
-0.358973 0
-0.339559 0
-0.303642 0
-0.253059 0
-0.190308 0
-0.118417 0
-0.0407942 0
0.0389386 0
0.117123 0
0.190241 0
0.255076 0
0.308868 0
0.34943 0
0.375249 0
0.385536 0
0.380257 0
0.360112 0
0.326483 0
0.281354 0
0.227195 0
0.166828 0
0.103285 0
0.0396427 0
-0.0211208 0
-0.076277 0
-0.123472 0
-0.160834 0
-0.18705 0
-0.201411 0
-0.203833 0
-0.194833 0
-0.175484 0
-0.147335 0
-0.11232 0
-0.0726329 0
-0.0306077 0
0.0114138 0
0.0512078 0
0.0867846 0
0.116489 0
0.139077 0
0.153775 0
0.1603 0
0.158864 0
0.150143 0
0.135226 0
0.115536 0
0.0927461 0
0.0686684 0
0.0451507 0
0.0239673 0
0.00671748 0
-0.00526379 0
-0.0109778 0
-0.0098146 0
-0.00158197 0
0.0134893 0
0.0347645 0
0.0612458 0
0.0916333 0
0.124402 0
0.157888 0
0.190386 0
0.220241 0
0.245939 0
0.266192 0
0.279997 0
0.286694 0
0.28599 0
0.277968 0
0.263077 0
0.242094 0
0.216076 0
0.186293 0
0.15415 0
0.121102 0
0.0885717 0
0.0578646 0
0.0300959 0
0.00612842 0
-0.0134746 0
-0.0284782 0
-0.0389857 0
-0.0454283 0
-0.0485365 0
-0.0492935 0
-0.048875 0
-0.0485775 2
-0.04974 0
-0.0536636 0
-0.061532 0
-0.0743407 0
-0.0928338 0
-0.117457 0
-0.148326 0
-0.185212 0
-0.227549 0
-0.274455 0
-0.324773 0
-0.377129 0
-0.429996 0
-0.481771 0
-0.530851 0
-0.575718 0
-0.61501 0
-0.647587 0
-0.67259 0
-0.68948 0
-0.698061 0
-0.698491 0
-0.69127 0
-0.677213 0
-0.657409 0
-0.633168 0
-0.605951 0
-0.577308 0
-0.548797 0
-0.521918 0
-0.498041 0
-0.47835 0
-0.463794 0
-0.455052 0
-0.452511 0
-0.456262 0
-0.466107 0
-0.481584 0
-0.502003 0
-0.526488 0
-0.554032 0
-0.583554 0
-0.613957 0
-0.644182 0
-0.673262 0
-0.700363 0
-0.724818 0
-0.746154 0
-0.764097 0
-0.778576 0
-0.789707 0
-0.797771 0
-0.803182 0
-0.806452 0
-0.808139 0
-0.808812 0
-0.809002 0
-0.80916 0
-0.809627 0
-0.810603 0
-0.812127 0
-0.814073 0
-0.816145 0
-0.817893 0
-0.818732 0
-0.817968 0
-0.814836 0
-0.808537 0
-0.798284 0
-0.783335 0
-0.763042 0
-0.736885 0
-0.704499 0
-0.6657 0
-0.620501 0
-0.569119 0
-0.511973 0
-0.449671 0
-0.382997 0
-0.312881 0
-0.240373 0
-0.166608 0
-0.0927662 0
-0.0200408 0
0.0504011 2
0.117451 0
0.18009 0
0.237413 0
0.288648 0
0.333176 0
0.370531 0
0.400411 0
0.422669 0
0.437314 0
0.444491 0
0.444476 0
0.437658 0
0.42452 0
0.405623 0
0.381596 0
0.353109 0
0.320871 0
0.28561 0
0.248064 0
0.208972 0
0.169066 0
0.129065 0
0.0896644 0
0.051536 0
0.0153161 0
-0.0183979 0
-0.0490558 0
-0.0761613 0
-0.099281 0
-0.118051 0
-0.132188 0
-0.141492 0
-0.145858 0
-0.145278 0
-0.139845 0
-0.129756 0
-0.115304 0
-0.0968804 0
-0.0749617 0
-0.0501 0
-0.0229086 0
0.0059547 0
0.0358064 0
0.0659573 0
0.0957331 0
0.124495 0
0.151658 0
0.176711 0
0.199228 0
0.218881 0
0.235449 0
0.248821 0
0.258991 0
0.266061 0
0.270224 0
0.271757 0
0.271003 0
0.268354 0
0.264233 0
0.259072 0
0.253296 0
0.247306 0
0.241459 0
0.236063 0
0.231357 0
0.227517 0
0.224645 0
0.222774 0
0.221873 0
0.221857 0
0.222591 0
0.22391 0
0.225629 0
0.227555 0
0.229502 0
0.231305 0
0.232824 0
0.233959 0
0.234652 0
0.234889 0
0.234698 0
0.234151 0
0.233351 0
0.232433 0
0.231544 0
0.230843 0
0.230484 0
0.230607 0
0.23133 0
0.232741 0
0.234889 0
0.237785 0
0.241397 0
0.245654 0
0.250447 0
0.255635 0
0.261055 0
0.266528 0
0.271868 0
0.276896 0
0.281445 0
0.285372 0
0.288563 0
0.290939 0
0.292462 0
0.293134 0
0.292994 0
0.292122 0
0.290628 0
0.288644 0
0.286322 0
0.283822 0
0.281299 0
0.278901 0
0.276756 0
0.274965 0
0.273599 0
0.272692 0
0.272243 0
0.272213 0
0.272529 0
0.27309 0
0.27377 0
0.27443 0
0.274922 0
0.275102 0
0.274835 0
0.274007 0
