0.0742941 0
0.09411 0
0.112806 0
0.129307 0
0.142648 0
0.152036 0
0.156896 0
0.156907 0
0.152024 0
0.14248 0
0.128775 0
0.111652 0
0.0920499 0
0.0710492 0
0.049811 0
0.0295069 0
0.0112485 0
-0.00397821 0
-0.0153731 0
-0.0223707 0
-0.0246742 0
-0.0222749 0
-0.0154525 0
-0.00475843 0
0.00901765 0
0.0248972 0
0.0417737 0
0.0584827 0
0.0738764 0
0.0868978 0
0.096651 0
0.102462 0
0.103926 0
0.100943 0
0.0937261 0
0.0828001 0
0.0689756 0
0.053305 0
0.037024 0
0.0214789 0
0.00804676 0
-0.00194921 0
-0.0073227 0
-0.00710113 0
-0.000591509 0
0.0125691 0
0.0323812 0
0.0584718 0
0.0901046 0
0.126212 0
0.165447 0
0.206252 0
0.246942 0
0.285794 0
0.321143 0
0.35147 0
0.375488 0
0.39221 0
0.401005 0
0.401622 0
0.394204 0
0.37927 0
0.357672 0
0.330535 0
0.299179 0
0.265029 0
0.229508 0
0.193946 0
0.159477 0
0.126963 0
0.0969223 0
0.0694929 0
0.044411 0
0.0210258 2
-0.00166179 0
-0.0249304 0
-0.0502471 0
-0.0791563 0
-0.113155 0
-0.153564 0
-0.2014 0
-0.257255 0
-0.321202 0
-0.392719 0
-0.470647 0
-0.553186 0
-0.637925 0
-0.721919 0
-0.801793 0
-0.873891 0
-0.934443 0
-0.979757 0
-1.00642 0
-1.01148 0
-0.992678 0
-0.948556 0
-0.878632 0
-0.783478 0
-0.664765 0
-0.525255 0
-0.368738 0
-0.199918 0
-0.0242426 0
0.152307 2
0.32346 0
0.48293 0
0.624694 0
0.743275 0
0.834003 0
0.893251 0
0.918627 0
0.909116 0
0.865156 0
0.788651 0
0.682919 0
0.552562 0
0.403286 0
0.241652 0
0.0747969 0
-0.0898914 0
-0.245105 0
-0.383952 0
-0.500277 0
-0.588954 0
-0.646121 0
-0.669373 0
-0.657878 0
-0.612418 0
-0.535357 0
-0.430533 0
-0.303079 0
-0.159175 0
-0.00575769 0
0.149811 0
0.300097 0
0.437955 0
0.556864 0
0.651248 0
0.716736 0
0.750376 0
0.75077 0
0.718136 0
0.654293 0
0.562563 0
0.447601 0
0.315164 0
0.171818 0
0.0246117 0
-0.119273 0
-0.252877 0
-0.369809 0
-0.464556 0
-0.532756 0
-0.571402 0
-0.578988 0
-0.555571 0
-0.502757 0
-0.423613 0
-0.322499 0
-0.20484 0
-0.0768451 0
0.0548114 0
0.183334 0
0.302149 0
0.405242 0
0.487459 0
0.544765 0
0.574446 0
0.575244 0
0.547417 0
0.492716 0
0.414301 0
0.31657 0
0.204938 0
0.0855564 0
-0.0349949 0
-0.150045 0
-0.253165 0
-0.3385 0
-0.401055 0
-0.436953 0
-0.44363 0
-0.419962 0
-0.366329 0
-0.284595 0
-0.178022 0
-0.0511143 0
0.0905977 0
0.240824 0
0.392815 0
0.539682 0
0.674728 0
0.791757 0
0.885371 0
0.951214 0
0.986173 0
0.988517 0
0.957965 0
0.895693 0
0.804262 0
0.687494 0
0.550279 0
0.398346 0
0.237983 0
0.075756 0
-0.081803 0
-0.228484 0
-0.358676 0
-0.467609 0
-0.551551 0
-0.607956 0
-0.635554 0
-0.634373 0
-0.605715 0
-0.552059 0
-0.476919 0
-0.384661 0
-0.280276 0
-0.169137 0
-0.056744 0
0.0515352 0
0.150705 0
0.236362 0
0.304883 0
0.353567 0
0.380736 0
0.385784 0
0.369174 0
0.33239 0
0.277838 0
0.208713 0
0.12883 0
0.0424359 0
-0.0459981 0
-0.131985 0
-0.211224 0
-0.279793 0
-0.334314 0
-0.372092 0
-0.391219 0
-0.390637 0
-0.370172 0
-0.330516 0
-0.273177 0
-0.200401 0
-0.115055 0
-0.0204954 0
0.0795875 0
0.181327 0
0.280845 0
0.374409 0
0.458582 0
0.53035 0
0.587231 0
0.627363 0
0.649556 0
0.653321 0
0.638868 0
0.607082 0
0.559463 0
0.498058 0
0.42536 0
0.344204 0
0.257652 0
0.168867 0
0.0809963 0
-0.00294818 0
-0.0801953 0
-0.14831 0
-0.205275 0
-0.249547 0
-0.280109 0
-0.29648 0
-0.29873 0
-0.28745 0
-0.263724 0
-0.229072 0
-0.185382 0
-0.134831 0
-0.0797934 0
-0.0227506 0
0.0338085 0
0.0874822 0
0.136047 0
0.177539 0
0.21033 0
0.233183 0
0.245297 0
0.246335 0
0.23643 0
0.216178 0
0.186612 0
0.149151 0
0.105547 0
0.0578064 0
0.00810715 0
-0.0412918 0
-0.0881468 0
-0.130325 0
-0.165895 0
-0.193213 0
-0.210992 0
-0.218362 0
-0.214911 0
-0.200704 0
-0.176288 0
-0.142669 0
-0.101275 0
-0.0538924 0
-0.0025946 0
0.0503497 0
0.102575 0
0.151725 0
0.195557 0
0.232046 0
0.259476 0
0.276526 0
0.282327 0
0.276513 0
0.259241 0
0.231189 0
0.193529 0
0.147884 0
0.0962515 0
0.0409223 0
-0.0156255 0
-0.0708374 0
-0.122198 0
-0.167349 0
-0.204195 0
-0.231006 0
-0.246496 0
-0.249887 0
-0.24095 0
-0.220014 0
-0.187955 0
-0.146164 0
-0.0964756 0
-0.0410934 0
0.0175152 0
0.0767304 0
0.133901 0
0.186465 0
0.232072 0
0.268687 0
0.294686 0
0.308933 0
0.310826 0
0.300331 0
0.277974 0
0.244822 0
0.202425 0
0.152749 0
0.0980751 0
0.040898 0
-0.0161943 0
-0.0706397 0
-0.120022 0
-0.162181 0
-0.195312 0
-0.218046 0
-0.229511 0
-0.229365 0
-0.217813 0
-0.195586 0
-0.163908 0
-0.124431 0
-0.0791551 0
-0.0303333 0
0.0196346 0
0.0683147 0
0.11335 0
0.152569 0
0.184079 0
0.206352 0
0.218287 0
0.219254 0
0.209114 0
0.188222 0
0.157399 0
0.117889 0
0.071294 0
0.0195023 0
-0.0354055 0
-0.0912493 0
-0.145847 0
-0.197108 0
-0.243122 0
-0.282239 0
-0.313124 0
-0.334817 0
-0.346748 0
-0.348761 0
-0.341095 0
-0.324365 0
-0.29952 0
-0.267787 0
-0.230605 0
-0.189559 0
-0.1463 0
-0.102473 0
-0.0596458 0
-0.0192426 0
0.017507 0
0.0496137 0
0.0763584 0
0.0973085 0
0.11232 0
0.121529 0
0.125325 0
0.12432 0
0.119306 0
0.111203 0
0.101011 0
0.0897556 0
0.0784328 0
0.0679631 0
0.0591475 0
0.0526321 0
0.0488811 0
0.0481592 0
0.0505239 0
0.0558279 0
0.0637304 0
0.0737166 0
0.0851256 0
0.0971825 0
0.109036 0
0.119799 0
0.128587 0
0.134559 0
0.136956 0
0.135131 0
0.128582 0
0.11697 0
0.100138 0
0.078117 0
0.0511297 0
0.0195833 0
-0.0159424 0
-0.0547142 0
-0.0958695 0
-0.138446 0
-0.181412 0
-0.223704 0
-0.264262 0
-0.302062 0
-0.336157 0
-0.365703 0
-0.389994 0
-0.408482 0
-0.420797 0
-0.426764 0
-0.426405 0
-0.419944 0
-0.4078 0
-0.390572 0
-0.369022 0
-0.344052 0
-0.316672 0
-0.28797 0
-0.259076 0
-0.231124 0
-0.205217 0
-0.182389 0
-0.163573 0
-0.14957 0
-0.141026 0
-0.138411 2
-0.142005 0
-0.151894 0
-0.167966 0
-0.189923 0
-0.217288 0
-0.249432 0
-0.285589 0
-0.324889 0
-0.366387 0
-0.409094 0
-0.452006 0
-0.494138 0
-0.534549 0
-0.572366 0
-0.606806 0
-0.637189 0
-0.662948 0
-0.683635 0
-0.698923 0
-0.708598 0
-0.712552 0
-0.710778 0
-0.703348 0
-0.690408 0
-0.672162 0
-0.64886 0
-0.620789 0
-0.588262 0
-0.551618 0
-0.511216 0
-0.467437 0
-0.420685 0
-0.371395 0
-0.320032 0
-0.2671 0
-0.213147 0
-0.158762 0
-0.104577 0
-0.0512632 0
0.000478449 2
0.0499297 0
0.0963709 0
0.139101 0
0.177461 0
0.210855 0
0.238781 0
0.260849 0
0.276809 0
0.286563 0
0.290183 0
0.287917 0
0.280187 0
0.267583 0
0.250847 0
0.230849 0
0.208555 0
0.184997 0
0.161224 0
0.138266 0
0.117083 0
0.0985323 0
0.08332 0
0.0719748 0
0.0648206 0
0.0619605 0
0.0632718 0
0.0684102 0
0.0768265 0
0.0877924 0
0.100436 0
0.113787 0
0.126822 0
0.13852 0
0.147915 0
0.154145 0
0.156503 0
0.15447 0
0.14775 0
0.136289 0
0.12028 0
0.100157 0
0.076582 0
0.0504087 0
0.0226468 0
-0.00558835 0
-0.0331297 0
-0.0588166 0
-0.0815528 0
-0.100362 0
-0.114436 0
-0.12318 0
-0.12624 0
-0.123521 0
-0.115199 0
-0.101704 0
-0.0837081 0
-0.0620849 0
-0.0378707 0
-0.0122106 0
0.0136986 0
0.0386679 0
0.0615758 0
0.0814239 0
0.0973858 0
0.108847 0
0.115434 0
0.117029 0
0.113775 0
0.106062 0
0.0945037 0
0.0799046 0
0.0632116 0
0.0454638 0
0.0277351 0
0.0110773 0
-0.00353645 0
-0.0152626 0
-0.0234306 0
-0.0275768 0
-0.0274666 0
-0.0231042 0
-0.0147291 0
-0.0028 0
0.0120331 0
0.0289667 0
0.0470893 0
0.0654337 0
0.083029 0
0.0989551 0
0.112392 0
0.122664 0
0.129273 0
0.131927 0
0.130551 0
0.125291 0
0.116499 0
0.104716 0
0.0906386 0
0.0750775 0
0.0589132 0
0.0430469 0
0.0283508 0
0.015621 0
0.00553559 0
-0.00138105 0
-0.00478383 0
-0.00452342 0
-0.000650552 0
0.00658962 0
0.0167747 0
0.0293313 0
0.0435692 0
0.0587212 0
0.0739868 0
0.0885767 0
0.101756 0
0.112882 0
0.121441 0
0.127068 0
0.129569 0
0.128924 0
0.125283 0
0.118958 0
0.110396 0
0.100152 0
0.088857 0
0.0771781 0
0.06578 0
0.0552879 0
0.0462528 0
0.0391222 0
0.0342175 0
0.0317189 0
0.0316596 0
0.0339279 0
0.038278 0
0.0443485 0
0.051687 0
0.0597793 0
0.0680819 0
0.0760549 0
0.0831943 0
0.0890613 0
