-0.00233962 0
-0.00429115 0
-0.00352663 0
0.000497869 0
0.00600817 0
0.0102473 0
0.0117329 0
0.0115154 0
0.0122776 0
0.0159457 0
0.0218158 0
0.0268508 0
0.0279995 0
0.0246543 0
0.0191931 0
0.0151313 0
0.0144164 0
0.0161096 0
0.017499 0
0.0166061 0
0.0138877 0
0.0116884 0
0.0120058 0
0.0146108 0
0.0172243 0
0.0175862 0
0.0155383 0
0.0132083 0
0.0130891 0
0.0157239 0
0.0191197 0
0.0204863 0
0.0187974 0
0.0158525 0
0.014793 0
0.017289 0
0.0218741 0
0.0249749 0
0.0238396 0
0.0188567 0
0.0132184 0
0.0101872 0
0.0103402 0
0.0112218 0
0.00971453 0
0.00499885 0
-0.000609561 0
-0.00378928 0
-0.00345204 0
-0.00209987 0
-0.0038486 0
-0.0106152 0
-0.0197538 0
-0.0254009 0
-0.0227252 0
-0.0117552 0
0.00231695 0
0.0126264 0
0.0151282 0
0.0105994 0
0.00287417 0
-0.00477937 0
-0.0118669 0
-0.0197345 0
-0.0287816 0
-0.0368022 0
-0.0402874 0
-0.0375898 0
-0.030882 0
-0.0247507 0
-0.0223335 0
-0.0223574 0
-0.0199076 0
-0.0105393 0
0.00578407 0
0.0245682 0
0.0409216 0
0.0545231 0
0.0709209 0
0.0975267 0
0.137166 0
0.184332 0
0.227276 0
0.254343 0
0.259586 0
0.243519 0
0.209182 0
0.157682 0
0.0874699 0
-0.00215999 0
-0.106975 0
-0.217278 0
-0.321456 0
-0.409757 0
-0.473833 0
-0.501958 -1
-0.475478 0
-0.373224 0
-0.18499 0
0.0736869 0
0.357638 0
0.606135 0
0.769602 0
0.832839 -2
0.818584 0
0.767468 0
0.707133 0
0.631988 0
0.508762 0
0.305121 0
0.0218629 0
-0.294281 0
-0.567521 0
-0.729788 0
-0.754357 -1
-0.665739 0
-0.521342 0
-0.378374 0
-0.267302 0
-0.186411 0
-0.116823 0
-0.04455 0
0.0261006 0
0.0752808 0
0.0823581 0
0.0413307 0
-0.0333771 0
-0.113835 0
-0.173387 0
-0.200368 0
-0.203121 0
-0.203885 0
-0.225234 0
-0.276885 0
-0.350721 0
-0.427448 0
-0.491094 0
-0.541704 0
-0.59633 0
-0.675247 0
-0.780875 0
-0.883968 0
-0.929198 -1
-0.860437 0
-0.652135 0
-0.327344 0
0.0497358 0
0.402647 0
0.675274 0
0.849173 0
0.938564 0
0.971607 0
0.973906 -2
0.964068 0
0.957786 0
0.968643 0
0.998386 0
1.02293 0
0.990101 0
0.84032 0
0.543855 0
0.131103 0
-0.308441 0
-0.664094 0
-0.858127 0
-0.881995 -1
-0.791226 0
-0.663886 0
-0.552631 0
-0.463173 0
-0.370507 0
-0.255337 0
-0.129307 0
-0.0292692 0
0.0123894 0
-0.00545744 0
-0.0522198 0
-0.0917711 0
-0.112434 0
-0.134619 0
-0.189395 0
-0.286952 0
-0.403562 0
-0.500179 0
-0.557723 0
-0.597282 0
-0.66362 0
-0.780788 0
-0.914731 0
-0.977067 -1
-0.87472 0
-0.573781 0
-0.131603 0
0.328625 0
0.685627 0
0.884203 0
0.95271 0
0.965241 0
0.979721 0
0.998492 -2
0.977936 0
0.875006 0
0.691155 0
0.478614 0
0.305263 0
0.207047 0
0.165612 0
0.127856 0
0.0508895 0
-0.0631881 0
-0.169193 0
-0.214801 0
-0.18206 0
-0.102877 0
-0.0377377 0
-0.0345235 0
-0.0977908 0
-0.189199 0
-0.256069 0
-0.265824 0
-0.222697 0
-0.158445 0
-0.107667 0
-0.086743 0
-0.0891794 0
-0.096317 0
-0.0923318 0
-0.072591 0
-0.0422674 0
-0.00989625 0
0.017602 0
0.0357975 0
0.0416236 0
0.0334937 0
0.0132591 0
-0.0124317 0
-0.0339077 0
-0.0430628 0
-0.0375787 0
-0.0216261 0
-0.00277093 0
0.0121943 0
0.0194223 0
0.0175105 0
0.00627402 0
-0.0130526 0
-0.0363519 0
-0.0563975 0
-0.0660116 0
-0.063575 0
-0.0567154 0
-0.0601505 0
-0.0877451 0
-0.143798 0
-0.220147 0
-0.301967 0
-0.378602 0
-0.451373 0
-0.531775 0
-0.630046 0
-0.741208 0
-0.838196 0
-0.877811 -1
-0.817677 0
-0.635963 0
-0.344106 0
0.0135867 0
0.373386 0
0.673195 0
0.87302 0
0.967064 0
0.982553 -2
0.965191 0
0.956636 0
0.973697 0
0.999408 0
0.991399 0
0.904458 0
0.716211 0
0.44234 0
0.13297 0
-0.147979 0
-0.349369 0
-0.451494 0
-0.468221 -1
-0.433696 0
-0.382814 0
-0.336488 0
-0.298192 0
-0.260828 0
-0.217412 0
-0.168331 0
-0.121417 0
-0.0861637 0
-0.0668804 0
-0.0597238 0
-0.0556995 0
-0.047613 0
-0.0360837 0
-0.029924 0
-0.039707 0
-0.068306 0
-0.105284 0
-0.130512 0
-0.126387 0
-0.091164 0
-0.0434447 0
-0.0127601 0
-0.0210024 0
-0.0674302 0
-0.129242 0
-0.179324 0
-0.20934 0
-0.240072 0
-0.308048 0
-0.434485 0
-0.597595 0
-0.730457 0
-0.751157 -1
-0.60944 0
-0.32054 0
0.0371207 0
0.361051 0
0.577164 0
0.673372 0
0.694876 0
0.70713 0
0.752765 0
0.83025 0
0.904803 0
0.939351 -2
0.921291 0
0.866897 0
0.803425 0
0.744976 0
0.680944 0
0.584758 0
0.435231 0
0.234615 0
0.0113546 0
-0.19294 0
-0.342679 0
-0.421998 0
-0.437028 -1
-0.408567 0
-0.361309 0
-0.315009 0
-0.279794 0
-0.255467 0
-0.234241 0
-0.206329 0
-0.166664 0
-0.119404 0
-0.0768248 0
-0.0522242 0
-0.0509498 0
-0.0658937 0
-0.0813465 0
-0.0830957 0
-0.067688 0
-0.0440441 0
-0.0262904 0
-0.0233944 0
-0.0335479 0
-0.0472514 0
-0.0560016 0
-0.0591614 0
-0.0635194 0
-0.0764144 0
-0.0986636 0
-0.123385 0
-0.141527 0
-0.149244 0
-0.151055 0
-0.156836 0
-0.176033 0
-0.214224 0
-0.273786 0
-0.355499 0
-0.45661 0
-0.564903 0
-0.654229 0
-0.688634 -1
-0.63683 0
-0.489767 0
-0.26916 0
-0.0191415 0
0.215257 0
0.408975 0
0.563029 0
0.692359 0
0.805715 0
0.893915 0
0.935982 -2
0.917972 0
0.848386 0
0.756101 0
0.670593 0
0.599159 0
0.519752 0
0.397145 0
0.21229 0
-0.0162756 0
-0.235618 0
-0.385628 0
-0.432565 -1
-0.386722 0
-0.293308 0
-0.204102 0
-0.149634 0
-0.129214 0
-0.122131 0
-0.108603 0
-0.0843657 0
-0.0600452 0
-0.0490262 0
-0.0553113 0
-0.0708344 0
-0.0827933 0
-0.0836391 0
-0.0754321 0
-0.0660687 0
-0.0618309 0
-0.0630089 0
-0.0657404 0
-0.0674256 0
-0.0702686 0
-0.0797608 0
-0.0998143 0
-0.129288 0
-0.163254 0
-0.197937 0
-0.23483 0
-0.279999 0
-0.338532 0
-0.408183 0
-0.477031 0
-0.527067 0
-0.541394 -1
-0.51055 0
-0.434737 0
-0.321957 0
-0.184571 0
-0.0367778 0
0.106393 0
0.229749 0
0.319569 0
0.366124 0
0.365766 0
0.321357 0
0.24113 0
0.137202 0
0.0246912 0
-0.0789729 0
-0.156063 0
-0.192778 0
-0.184495 0
-0.138978 0
-0.0746459 0
-0.0136326 0
0.0272537 0
0.0428382 0
0.0397219 0
0.0305038 0
0.0258199 0
0.0289318 0
0.0355671 0
0.03823 0
0.0316385 0
0.0158329 0
-0.00446543 0
-0.0231255 0
-0.0360263 0
-0.0425898 0
-0.0449684 0
-0.045927 0
-0.0469817 0
-0.0478443 0
-0.0472225 0
-0.0442257 0
-0.0393975 0
-0.0347371 0
-0.0327045 0
-0.0348055 0
-0.0406131 0
-0.047861 0
-0.0536209 0
-0.0558951 0
-0.0546596 0
-0.051722 0
-0.0495379 0
-0.0498196 0
-0.0528601 0
-0.0579068 0
-0.0641049 0
-0.0711493 0
-0.0791221 0
-0.0877687 0
-0.0959957 0
-0.10219 0
-0.105212 0
-0.105244 0
-0.103723 0
-0.10229 0
-0.101535 0
-0.100518 0
-0.09742 0
-0.0907528 0
-0.0801217 0
-0.0659583 0
-0.0486047 0
-0.0277469 0
-0.00290619 0
0.0252875 0
0.0541679 0
0.0794891 0
0.0972774 0
0.105901 0
0.106847 0
0.103569 0
0.0992261 0
0.0950511 0
0.090657 0
0.0861006 0
0.0840779 0
0.0903406 0
0.111605 0
0.152044 0
0.210593 0
0.280905 0
0.354076 0
0.422428 0
0.481908 0
0.531619 0
0.570952 0
0.596496 0
0.601178 -2
0.576752 0
0.518531 0
0.429688 0
0.322362 0
0.21446 0
0.123441 0
0.0600896 0
0.0253237 0
0.0114243 0
0.00671761 0
0.00106221 0
-0.0105445 0
-0.0274991 0
-0.0456479 0
-0.0601461 0
-0.0675982 0
-0.067012 0
-0.0600157 0
-0.0508542 0
-0.0460497 0
-0.0530959 0
-0.0778908 0
-0.12171 0
-0.179464 0
-0.240747 0
-0.293643 0
-0.329369 0
-0.345069 0
-0.343186 0
-0.328171 0
-0.303087 0
-0.268619 0
-0.224975 0
-0.174829 0
-0.124523 0
-0.0821176 0
-0.0534382 0
-0.0389603 0
-0.0339143 0
-0.0315795 0
-0.0273674 0
-0.0207916 0
-0.0141979 0
-0.00971573 0
-0.00718448 0
-0.00477652 0
-0.00156854 0
0.000501928 0
-0.00255696 0
-0.0134319 0
-0.0301742 0
-0.0458451 0
-0.0520031 0
-0.0439261 0
-0.0239289 0
-0.000316411 0
0.0174382 0
0.0240539 0
0.0208227 0
0.0137204 0
0.00895066 0
0.00917949 0
0.0128226 0
0.0162998 0
0.0171114 0
0.0153913 0
0.0131355 0
0.0121908 0
0.0128307 0
0.0139358 0
0.0143172 0
0.0138543 0
0.0134845 0
0.0142052 0
0.0160912 0
0.0182009 0
0.0193784 0
0.019175 0
0.0180886 0
0.0169981 0
0.0163839 0
0.016044 0
0.0154896 0
0.0145602 0
0.0136358 0
0.0132572 0
0.0135535 0
0.0140576 0
0.0141113 0
0.0134896 0
0.0126477 0
0.0123401 0
0.012942 0
0.014086 0
0.0149558 0
0.0149786 0
0.0143062 0
0.0136559 0
0.0136663 0
0.0143453 0
0.015094 0
0.0152609 0
0.014705 0
0.013862 0
0.0132886 0
0.0131482 0
0.0131438 0
0.012954 0
0.012707 0
0.0129539 0
0.0140661 0
0.0155806 0
0.0161804 0
0.0145089 0
0.0102713 0
