0.51834 0
0.510896 0
0.503459 0
0.496095 0
0.488871 0
0.481856 0
0.475122 0
0.468739 0
0.462779 0
0.457313 0
0.452411 0
0.448138 0
0.444561 0
0.441739 0
0.43973 0
0.438585 0
0.438352 0
0.43907 0
0.440773 0
0.443488 0
0.447234 0
0.452022 0
0.457855 0
0.464728 0
0.472625 0
0.481524 0
0.491392 0
0.502189 0
0.513865 0
0.526361 0
0.539613 0
0.553545 0
0.568078 0
0.583122 0
0.598583 0
0.614362 0
0.630355 0
0.646452 0
0.662543 0
0.678513 0
0.694247 0
0.709628 0
0.724542 0
0.738874 0
0.752513 0
0.765351 0
0.777282 0
0.78821 0
0.798041 0
0.806688 0
0.814075 0
0.820132 0
0.824798 0
0.828022 0
0.829764 0
0.829994 0
0.828695 0
0.82586 0
0.821492 0
0.815609 0
0.808239 0
0.799421 0
0.789208 0
0.777661 0
0.764854 0
0.750872 0
0.735807 0
0.719764 0
0.702851 0
0.68519 0
0.666904 0
0.648126 0
0.628992 0
0.609641 0
0.590217 0
0.570862 0
0.551722 0
0.532941 0
0.514659 0
0.497016 0
0.480144 0
0.464174 0
0.449228 0
0.435419 0
0.422853 0
0.411628 0
0.401828 0
0.393529 0
0.386792 0
0.381669 0
0.378195 0
0.376395 0
0.376276 0
0.377836 0
0.381054 0
0.385898 0
0.39232 0
0.400261 0
0.409645 0
0.420386 0
0.432385 0
0.445531 0
0.459703 0
0.474771 0
0.490593 0
0.507025 0
0.523912 0
0.541096 0
0.558416 0
0.575706 0
0.592802 0
0.609539 0
0.625756 0
0.641291 0
0.655993 0
0.669712 0
0.682309 0
0.693652 0
0.703622 0
0.712107 0
0.719013 0
0.724254 0
0.727763 0
0.729486 0
0.729384 0
0.727436 0
0.723636 0
0.717996 0
0.710544 0
0.701325 0
0.690399 0
0.677845 0
0.663753 0
0.648231 0
0.631399 0
0.61339 0
0.594348 0
0.574428 0
0.553792 0
0.53261 0
0.511059 0
0.489318 0
0.467569 0
0.445992 0
0.42477 0
0.40408 0
0.384093 0
0.364975 0
0.346884 0
0.329966 0
0.314356 0
0.300176 0
0.287534 0
0.276521 0
0.267211 0
0.259661 0
0.253909 0
0.249974 0
0.247856 0
0.247533 0
0.248966 0
0.252094 0
0.256837 0
0.263097 0
0.270757 0
0.279685 0
0.28973 0
0.300729 0
0.312504 0
0.324866 0
0.337615 0
0.350544 0
0.36344 0
0.376086 0
0.38826 0
0.399743 0
0.410317 0
0.419769 0
0.42789 0
0.434481 0
0.439353 0
0.442329 0
0.443245 2
0.441954 0
0.438325 0
0.432245 0
0.423622 0
0.412384 0
0.398478 0
0.381875 0
0.36257 0
0.340576 0
0.315931 0
0.288696 0
0.258952 0
0.2268 0
0.192364 0
0.155785 0
0.117221 0
0.0768485 0
0.0348569 0
-0.0085501 0
-0.0531584 0
-0.0987443 0
-0.145077 0
-0.191921 0
-0.239035 0
-0.28618 0
-0.333117 0
-0.379608 0
-0.425422 0
-0.470336 0
-0.514134 0
-0.55661 0
-0.597572 0
-0.636842 0
-0.674255 0
-0.709662 0
-0.742934 0
-0.773958 0
-0.802639 0
-0.828902 0
-0.852691 0
-0.873968 0
-0.892716 0
-0.908935 0
-0.922644 0
-0.933879 0
-0.942694 0
-0.949156 0
-0.95335 0
-0.95537 2
-0.955326 0
-0.953335 0
-0.949526 0
-0.944035 0
-0.937002 0
-0.928572 0
-0.918896 0
-0.908121 0
-0.896398 0
-0.883875 0
-0.870697 0
-0.857005 0
-0.842934 0
-0.828613 0
-0.814165 0
-0.799703 0
-0.785333 0
-0.771148 0
-0.757236 0
-0.743673 0
-0.730523 0
-0.717844 0
-0.705681 0
-0.694069 0
-0.683037 0
-0.672603 0
-0.662776 0
-0.653558 0
-0.644947 0
-0.636931 0
-0.629495 0
-0.622618 0
-0.616278 0
-0.610449 0
-0.605102 0
-0.60021 0
-0.595742 0
-0.591672 0
-0.587971 0
-0.584615 0
-0.58158 0
-0.578848 0
-0.5764 0
-0.574225 0
-0.572313 0
-0.570658 0
-0.569258 0
-0.568115 0
-0.567235 0
-0.566626 0
-0.5663 0
-0.566271 0
-0.566556 0
-0.567174 0
-0.568142 0
-0.569481 0
-0.57121 0
-0.573349 0
-0.575916 0
-0.578926 0
-0.582395 0
-0.586333 0
-0.590748 0
-0.595644 0
-0.601022 0
-0.606878 0
-0.613203 0
-0.619984 0
-0.627205 0
-0.634843 0
-0.64287 0
-0.651257 0
-0.659969 0
-0.668965 0
-0.678205 0
-0.687644 0
-0.697234 0
-0.706927 0
-0.716672 0
-0.726418 0
-0.736116 0
-0.745714 0
-0.755166 0
-0.764423 0
-0.773443 0
-0.782185 0
-0.790612 0
-0.79869 0
-0.806393 0
-0.813697 0
-0.820583 0
-0.827041 0
-0.833062 0
-0.838646 0
-0.843798 0
-0.848526 0
-0.852846 0
-0.856779 0
-0.860349 0
-0.863586 0
-0.86652 0
-0.86919 0
-0.871632 0
-0.873887 0
-0.875997 0
-0.878004 0
-0.879949 0
-0.881875 0
-0.88382 0
-0.885824 0
-0.88792 0
-0.890141 0
-0.892515 0
-0.895067 0
-0.897815 0
-0.900774 0
-0.903956 0
-0.907363 0
-0.910995 0
-0.914848 0
-0.91891 0
-0.923166 0
-0.927595 0
-0.932176 0
-0.93688 0
-0.941677 0
-0.946533 0
-0.951415 0
-0.956287 0
-0.961113 0
-0.965856 0
-0.970482 0
-0.974958 0
-0.979253 0
-0.983339 0
-0.987192 0
-0.990793 0
-0.994126 0
-0.997181 0
-0.999955 0
-1.00245 0
-1.00467 0
-1.00663 0
-1.00834 0
-1.00985 0
-1.01116 0
-1.01232 0
-1.01337 0
-1.01435 0
-1.01531 0
-1.0163 0
-1.01736 0
-1.01856 0
-1.01993 0
-1.02154 0
-1.02343 0
-1.02565 0
-1.02823 0
-1.03122 0
-1.03465 0
-1.03853 0
-1.04288 0
-1.04772 0
-1.05304 0
-1.05883 0
-1.06506 0
-1.0717 0
-1.07872 0
-1.08606 0
-1.09365 0
-1.10142 0
-1.10928 0
-1.11714 0
-1.1249 0
-1.13245 0
-1.13967 0
-1.14643 0
-1.15261 0
-1.15806 0
-1.16267 0
-1.16629 0
-1.16878 0
-1.17001 0
-1.16985 2
-1.16817 0
-1.16485 0
-1.15979 0
-1.15287 0
-1.14401 0
-1.13312 0
-1.12013 0
-1.10499 0
-1.08766 0
-1.0681 0
-1.04631 0
-1.0223 0
-0.99608 0
-0.967689 0
-0.93718 0
-0.904622 0
-0.870096 0
-0.833701 0
-0.795547 0
-0.755757 0
-0.714465 0
-0.671817 0
-0.627965 0
-0.58307 0
-0.537298 0
-0.490822 0
-0.443813 0
-0.396447 0
-0.348897 0
-0.301336 0
-0.25393 0
-0.206844 0
-0.160231 0
-0.114242 0
-0.0690152 0
-0.0246782 0
0.0186514 0
0.0608678 0
0.101878 0
0.141604 0
0.179978 0
0.216948 0
0.252474 0
0.286531 0
0.319106 0
0.350196 0
0.379814 0
0.407981 0
0.434727 0
0.460094 0
0.484127 0
0.506882 0
0.528416 0
0.548792 0
0.568075 0
0.58633 0
0.603621 0
0.620012 0
0.635563 0
0.650329 0
0.664361 0
0.677702 0
0.69039 0
0.702452 0
0.71391 0
0.724774 0
0.735047 0
0.744721 0
0.75378 0
0.762199 0
0.769943 0
0.77697 0
0.78323 0
0.788669 0
0.793224 0
0.796829 0
0.799416 0
0.800914 2
0.801251 0
0.800356 0
0.798162 0
0.794603 0
0.789621 0
0.783162 0
0.775181 0
0.765642 0
0.754521 0
0.741801 0
0.727482 0
0.711574 0
0.694102 0
0.675106 0
0.654638 0
0.632766 0
0.609574 0
0.585157 0
0.559628 0
0.533108 0
0.505736 0
0.477658 0
0.449033 0
0.420028 0
0.390817 0
0.361583 0
0.33251 0
0.303787 0
0.275603 0
0.248148 0
0.221606 0
0.19616 0
0.171986 0
0.149251 0
0.128113 0
0.108721 0
0.0912068 0
0.0756922 0
0.0622823 0
0.0510659 0
0.0421148 0
0.0354828 0
0.0312058 0
0.0293002 0
0.0297642 0
0.0325769 0
0.0376988 0
0.0450725 0
0.0546232 0
0.0662592 0
0.0798734 0
0.0953441 0
0.112536 0
0.131304 0
0.151489 0
0.172926 0
0.195444 0
0.218864 0
0.243004 0
0.267683 0
0.292716 0
0.317924 0
0.343129 0
0.368159 0
0.392847 0
0.417038 0
0.440583 0
0.463344 0
0.485196 0
0.506027 0
0.525736 0
0.544237 0
0.56146 0
0.577348 0
0.591857 0
0.60496 0
0.616642 0
0.626905 0
0.63576 0
0.643234 0
0.649364 0
0.654196 0
0.65779 0
0.660211 0
0.661532 0
0.661833 0
0.661198 0
0.659716 0
0.657477 0
0.654572 0
0.651093 0
0.64713 0
0.642772 0
0.638102 0
0.633202 0
0.628146 0
0.623004 0
0.61784 0
0.612709 0
0.607661 0
0.602737 0
0.597973 0
0.593393 0
0.589018 0
0.584859 0
0.580922 0
0.577206 0
0.573703 0
0.570401 0
0.567284 0
0.564329 0
0.561514 0
0.558812 0
0.556196 0
0.553635 0
0.551103 0
0.54857 0
0.546011 0
0.543402 0
0.540721 0
0.537949 0
0.535074 0
0.532084 0
0.528975 0
0.525746 0
0.5224 0
0.518948 0
0.515402 0
0.511781 0
0.508108 0
0.504411 0
0.500721 0
0.49707 0
0.493497 0
0.490041 0
0.486741 0
0.48364 0
0.48078 0
0.4782 0
0.475942 0
0.474044 0
0.472541 0
0.471466 0
0.470848 0
0.470712 0
0.471077 0
0.471959 0
0.473367 0
0.475304 0
0.477769 0
0.480754 0
0.484244 0
0.48822 0
0.492656 0
0.497522 0
0.50278 0
0.50839 0
0.514308 0
