0.418871 0
0.419209 0
0.419231 0
0.418928 0
0.418293 0
0.417327 0
0.416034 0
0.414425 0
0.412513 0
0.410321 0
0.407874 0
0.405201 0
0.40234 0
0.39933 0
0.396215 0
0.393044 0
0.389867 0
0.386739 0
0.383716 0
0.380856 0
0.378218 0
0.375862 0
0.373847 0
0.37223 0
0.371068 0
0.370415 0
0.370322 0
0.370837 0
0.372003 0
0.373857 0
0.376432 0
0.379757 0
0.383851 0
0.388729 0
0.394398 0
0.400858 0
0.408102 0
0.416117 0
0.424879 0
0.434361 0
0.444527 0
0.455333 0
0.466731 0
0.478666 0
0.491077 0
0.503899 0
0.51706 0
0.530487 0
0.544102 0
0.557826 0
0.571578 0
0.585275 0
0.598835 0
0.612176 0
0.625217 0
0.637881 0
0.650092 0
0.661778 0
0.672873 0
0.683314 0
0.693045 0
0.702015 0
0.71018 0
0.717504 0
0.723958 0
0.729518 0
0.734172 0
0.737913 0
0.740743 0
0.742672 0
0.743716 0
0.743902 0
0.743262 0
0.741834 0
0.739664 0
0.736804 0
0.733312 0
0.729249 0
0.724681 0
0.719679 0
0.714316 0
0.708666 0
0.702806 0
0.696813 0
0.690764 0
0.684736 0
0.678803 0
0.673037 0
0.667509 0
0.662285 0
0.657426 0
0.652991 0
0.64903 0
0.645591 0
0.642715 0
0.640435 0
0.638779 0
0.637768 0
0.637416 0
0.63773 0
0.63871 0
0.640349 0
0.642633 0
0.645544 0
0.649054 0
0.65313 0
0.657737 0
0.662829 0
0.66836 0
0.674278 0
0.680527 0
0.68705 0
0.693784 0
0.700667 0
0.707635 0
0.714622 0
0.721565 0
0.728399 0
0.73506 0
0.741488 0
0.747623 0
0.75341 0
0.758795 0
0.76373 0
0.76817 0
0.772075 0
0.775411 0
0.778148 0
0.780262 0
0.781735 0
0.782555 0
0.782716 0
0.782218 0
0.781067 0
0.779276 0
0.776862 0
0.773849 0
0.770268 0
0.766152 0
0.761541 0
0.75648 0
0.751017 0
0.745205 0
0.7391 0
0.732759 0
0.726244 0
0.719618 0
0.712945 0
0.70629 0
0.699716 0
0.693288 0
0.687069 0
0.68112 0
0.6755 0
0.670265 0
0.665466 0
0.661152 0
0.657366 0
0.654148 0
0.651529 0
0.649536 0
0.648189 0
0.647503 0
0.647482 0
0.648127 0
0.649429 0
0.651371 0
0.653929 0
0.657072 0
0.660758 0
0.664942 0
0.669568 0
0.674573 0
0.679888 0
0.685436 0
0.691136 0
0.696899 0
0.702632 0
0.708235 0
0.713607 0
0.718641 0
0.72323 0
0.727262 0
0.730627 0
0.733212 0
0.734907 0
0.7356 0
0.735186 2
0.733559 0
0.730619 0
0.72627 0
0.720424 0
0.712996 0
0.703912 0
0.693103 0
0.680511 0
0.666085 0
0.649786 0
0.631585 0
0.611464 0
0.589414 0
0.565442 0
0.539562 0
0.511803 0
0.482203 0
0.450814 0
0.417698 0
0.38293 0
0.346592 0
0.308781 0
0.2696 0
0.229163 0
0.187591 0
0.145015 0
0.10157 0
0.0573977 0
0.0126449 0
-0.0325375 0
-0.0779969 0
-0.123578 0
-0.169127 0
-0.214489 0
-0.25951 0
-0.304041 0
-0.347936 0
-0.391054 0
-0.433259 0
-0.474424 0
-0.514429 0
-0.553161 0
-0.590519 0
-0.626409 0
-0.660752 0
-0.693475 0
-0.72452 0
-0.75384 0
-0.781399 0
-0.807175 0
-0.831155 0
-0.85334 0
-0.873743 0
-0.892386 0
-0.909304 0
-0.92454 0
-0.938148 0
-0.950192 0
-0.96074 0
-0.969872 0
-0.977672 0
-0.984229 0
-0.989637 0
-0.993994 0
-0.997399 0
-0.999955 0
-1.00176 0
-1.00292 2
-1.00353 0
-1.00369 0
-1.00349 0
-1.00302 0
-1.00236 0
-1.0016 0
-1.0008 0
-1.00003 0
-0.999353 0
-0.998812 0
-0.998451 0
-0.998305 0
-0.998401 0
-0.998756 0
-0.99938 0
-1.00028 0
-1.00144 0
-1.00286 0
-1.00451 0
-1.00638 0
-1.00843 0
-1.01062 0
-1.01292 0
-1.01529 0
-1.01768 0
-1.02003 0
-1.02232 0
-1.02448 0
-1.02647 0
-1.02824 0
-1.02974 0
-1.03095 0
-1.0318 0
-1.03228 0
-1.03235 0
-1.03198 0
-1.03115 0
-1.02985 0
-1.02807 0
-1.0258 0
-1.02305 0
-1.01982 0
-1.01613 0
-1.01201 0
-1.00746 0
-1.00253 0
-0.997246 0
-0.991654 0
-0.985796 0
-0.979718 0
-0.973471 0
-0.967106 0
-0.960678 0
-0.954241 0
-0.94785 0
-0.941559 0
-0.935422 0
-0.929492 0
-0.923816 0
-0.918443 0
-0.913414 0
-0.908771 0
-0.904547 0
-0.900773 0
-0.897474 0
-0.89467 0
-0.892376 0
-0.8906 0
-0.889345 0
-0.888607 0
-0.88838 0
-0.888647 0
-0.889391 0
-0.890587 0
-0.892205 0
-0.894212 0
-0.89657 0
-0.899238 0
-0.902172 0
-0.905325 0
-0.90865 0
-0.912096 0
-0.915612 0
-0.919149 0
-0.922655 0
-0.92608 0
-0.929378 0
-0.932502 0
-0.935409 0
-0.938057 0
-0.940411 0
-0.942437 0
-0.944106 0
-0.945393 0
-0.946277 0
-0.946743 0
-0.946781 0
-0.946384 0
-0.945553 0
-0.94429 0
-0.942606 0
-0.940513 0
-0.93803 0
-0.935177 0
-0.931982 0
-0.928474 0
-0.924685 0
-0.92065 0
-0.916409 0
-0.912 0
-0.907465 0
-0.902846 0
-0.898187 0
-0.893532 0
-0.888923 0
-0.884404 0
-0.880018 0
-0.875803 0
-0.871799 0
-0.868044 0
-0.864573 0
-0.861418 0
-0.858608 0
-0.856171 0
-0.85413 0
-0.852507 0
-0.851318 0
-0.85058 0
-0.850302 0
-0.850493 0
-0.851157 0
-0.852298 0
-0.853913 0
-0.855999 0
-0.858548 0
-0.861553 0
-0.865001 0
-0.868878 0
-0.873168 0
-0.877854 0
-0.882916 0
-0.888333 0
-0.894081 0
-0.900137 0
-0.906475 0
-0.913069 0
-0.919891 0
-0.926913 0
-0.934105 0
-0.941436 0
-0.948876 0
-0.956392 0
-0.963951 0
-0.971519 0
-0.97906 0
-0.986538 0
-0.993916 0
-1.00115 0
-1.00822 0
-1.01506 0
-1.02163 0
-1.02791 0
-1.03382 0
-1.03934 0
-1.04442 0
-1.04899 0
-1.05301 0
-1.05643 0
-1.0592 0
-1.06124 0
-1.06252 0
-1.06297 0
-1.06254 2
-1.06115 0
-1.05877 0
-1.05531 0
-1.05074 0
-1.04498 0
-1.03798 0
-1.02969 0
-1.02005 0
-1.00901 0
-0.996525 0
-0.982547 0
-0.967036 0
-0.949955 0
-0.931271 0
-0.910958 0
-0.888993 0
-0.865363 0
-0.840056 0
-0.813072 0
-0.784416 0
-0.754098 0
-0.72214 0
-0.68857 0
-0.653423 0
-0.616743 0
-0.578582 0
-0.539001 0
-0.498068 0
-0.45586 0
-0.412461 0
-0.367964 0
-0.322466 0
-0.276075 0
-0.228903 0
-0.181068 0
-0.132695 0
-0.0839127 0
-0.0348542 0
0.0143435 0
0.0635409 0
0.112596 0
0.161364 0
0.209703 0
0.257468 0
0.304517 0
0.350707 0
0.395901 0
0.439964 0
0.482765 0
0.524177 0
0.564082 0
0.602364 0
0.638918 0
0.673645 0
0.706454 0
0.737264 0
0.766002 0
0.792606 0
0.817023 0
0.839212 0
0.859142 0
0.876791 0
0.89215 0
0.90522 0
0.916013 0
0.924553 0
0.930871 0
0.935011 0
0.937027 2
0.93698 0
0.934943 0
0.930996 0
0.925226 0
0.917728 0
0.908604 0
0.897961 0
0.885913 0
0.872575 0
0.858069 0
0.842519 0
0.826047 0
0.808783 0
0.790851 0
0.772378 0
0.753489 0
0.734306 0
0.714949 0
0.695535 0
0.676176 0
0.656978 0
0.638044 0
0.619469 0
0.601342 0
0.583745 0
0.566755 0
0.550437 0
0.534853 0
0.520052 0
0.506078 0
0.492968 0
0.480747 0
0.469434 0
0.459042 0
0.449571 0
0.441019 0
0.433374 0
0.426616 0
0.420723 0
0.415662 0
0.411398 0
0.407889 0
0.40509 0
0.402952 0
0.401421 0
0.400443 0
0.39996 0
0.399915 0
0.400246 0
0.400896 0
0.401805 0
0.402913 0
0.404166 0
0.405508 0
0.406887 0
0.408254 0
0.409562 0
0.41077 0
0.411838 0
0.412732 0
0.413423 0
0.413885 0
0.414097 0
0.414043 0
0.413711 0
0.413095 0
0.412192 0
0.411004 0
0.409536 0
0.407799 0
0.405805 0
0.403572 0
0.401118 0
0.398467 0
0.395641 0
0.392667 0
0.389573 0
0.386387 0
0.383137 0
0.379853 0
0.376564 0
0.373297 0
0.370079 0
0.366937 0
0.363893 0
0.360971 0
0.358189 0
0.355566 0
0.353115 0
0.350849 0
0.348777 0
0.346904 0
0.345235 0
0.343769 0
0.342503 0
0.341433 0
0.340551 0
0.339845 0
0.339304 0
0.338913 0
0.338656 0
0.338514 0
0.338471 0
0.338504 0
0.338596 0
0.338725 0
0.338871 0
0.339015 0
0.339138 0
0.339223 0
0.339253 0
0.339213 0
0.339091 0
0.338876 0
0.33856 0
0.338138 0
0.337604 0
0.336959 0
0.336205 0
0.335346 0
0.334388 0
0.333342 0
0.332218 0
0.331032 0
0.329799 0
0.328537 0
0.327265 0
0.326004 0
0.324776 0
0.323604 0
0.32251 0
0.321517 0
0.320647 0
0.319924 0
0.319367 0
0.318998 0
0.318834 0
0.318891 0
0.319186 0
0.319729 0
0.32053 0
0.321597 0
0.322934 0
0.324542 0
0.32642 0
0.328562 0
0.330962 0
0.333609 0
0.336489 0
0.339586 0
0.342882 0
0.346356 0
0.349984 0
0.353741 0
