-8.1
-8.1
-8.7
-8.7
-10.5
-10.5
-10.5
-11.1
-11.1
-10.5
-10.5
-10.5
-9.9
-9.9
-10.5
-10.5
-10.5
-10.5
-10.5
-9
-9
-9
-9
-9
-9.9
-9.9
-9.9
-9.9
-9.9
-9
-9
-9
-8.7
-8.7
-8.7
-8.7
-8.7
-7.8
-7.8
-7.2
-7.2
-7.2
-8.7
-8.7
-7.2
-7.2
-7.2
-8.1
-8.1
-7.2
-7.2
-7.2
-6.3
-6.3
-6.9
-6.9
-6.9
-7.8
-7.8
-8.4
-8.4
-8.4
-6
-6
-7.5
-7.5
-7.5
-8.7
-8.7
-8.1
-8.1
-8.1
-8.4
-8.4
-9
-9
-9
-7.8
-7.8
-8.4
-8.4
-8.4
-9
-9
-11.1
-11.1
-11.1
-11.4
-11.4
-10.2
-10.2
-10.2
-11.1
-11.1
-11.4
-11.4
-11.4
-10.5
-10.5
-10.5
-10.5
-10.5
-9.6
-9.6
-8.7
-8.7
-8.7
-10.8
-10.8
-8.7
-8.7
-8.7
-6.9
-6.9
-8.1
-8.1
-8.1
-8.4
-8.4
-6.9
-6.9
-6.9
-6.9
-6.9
-6.9
-6.9
-6.9
-7.2
-7.2
-9
-9
-9
-9.3
-9.3
-9.9
-9.9
-9.9
-10.2
-10.2
-9
-9
-9
-9.9
-9.9
-9
-9
-9
-11.1
-11.1
-10.8
-10.8
-10.8
-11.1
-11.1
-13.2
-13.2
-13.2
-11.1
-11.1
-11.7
-11.7
-11.7
-9.9
-9.9
-10.5
-10.5
-10.5
-10.5
-10.5
-9.3
-9.3
-9.3
-11.1
-11.1
-10.5
-10.5
-10.5
-8.7
-8.7
-11.1
-11.1
-11.1
-11.7
-11.7
-11.1
-11.1
-11.1
-11.4
-11.4
-10.8
-10.8
-10.8
-9.3
-9.3
-10.5
-10.5
-10.5
-12.3
-12.3
-14.1
-14.1
-14.1
-15
-15
-15.6
-15.6
-15.6
-13.5
-13.5
-17.4
-17.4
-17.4
-14.7
-14.7
-17.1
-17.1
-17.1
-18.6
-18.6
-20.1
-20.1
-20.1
-20.1
-20.1
-22.5
-22.5
-22.5
-20.7
-20.7
-21.6
-21.6
-21.6
-20.7
-20.7
-21
-21
-21
-20.4
-20.4
-20.4
-20.1
-20.1
-19.5
-19.5
-20.4
-20.4
-20.4
-18.9
-18.9
-19.5
-19.5
-19.5
-19.2
-19.2
-18.6
-18.6
-18.6
-18
-18
-18
-18
-18
-18.6
-18.6
-18.6
-16.8
-16.8
-18
-18
-18.3
-18.3
-18.3
-17.4
-17.4
-18.6
-18.6
-18.6
-18
-18
-17.7
-17.7
-17.7
-18.6
-18.6
-18.6
-17.4
-17.4
-18.6
-18.6
-18.6
-18
-18
-17.4
-17.4
-17.4
-17.4
-17.4
-18.9
-18.9
-18.9
-18
-18
-18.9
-18.9
-18.9
-19.8
-19.8
-18.3
-18.3
-18.3
-17.7
-17.7
-17.7
-17.7
-17.7
-19.2
-19.2
-18.3
-18.3
-18.3
-20.7
-20.7
-21.6
-21.6
-21.6
-20.1
-20.1
-20.4
-20.4
-20.4
-20.7
-20.7
-19.2
-19.2
-19.2
-22.5
-22.5
-21.3
-21.3
-21.3
-18.9
-18.9
-18.6
-18.6
-18.6
-20.1
-20.1
-21.3
-21.3
-21.3
-20.7
-20.7
-21.3
-21.3
-21.3
-20.4
-20.4
-20.4
-20.4
-20.4
-20.7
-20.7
-20.7
-20.7
-20.7
-20.7
-20.7
-21
-21
-21
-20.4
-20.4
-20.7
-20.7
-20.7
-21.6
-21.6
-21.3
-21.3
-21.3
-20.1
-20.1
-21.9
-21.9
-21.9
-23.4
-23.4
-21.6
-21.6
-21.6
-23.1
-23.1
-22.5
-22.5
-22.5
-21.6
-21.6
-21.9
-21.9
-21.9
-21.9
-21.9
-21
-21
-21
-21
-21
-21.6
-21.6
-21.6
-20.4
-20.4
-22.2
-22.2
-22.2
-22.8
-22.8
-21.3
-21.3
-21.3
-23.4
-23.4
-22.5
-22.5
-22.5
-23.7
-23.7
-19.8
-19.8
-19.8
-22.2
-22.2
-21.3
-21.3
-21.3
-19.2
-19.2
-19.2
-19.2
-19.2
-18
-18
-16.5
-16.5
-16.5
-15.6
-15.6
-14.1
-14.1
-14.1
-13.2
-13.2
-12.3
-12.3
-12.3
-10.2
-10.2
-10.5
-10.5
-10.5
-9.9
-9.9
-9.9
-9.9
-9.9
-10.2
-10.2
-9
-9
-9
-9.9
-9.9
-9.3
-9.3
-9.3
-8.7
-8.7
-8.4
-8.4
-8.4
-10.2
-10.2
-8.7
-8.7
-8.7
-7.2
-7.2
-7.5
-7.5
-7.5
-8.4
-8.4
-6.9
-6.9
-6.9
-5.4
-5.4
-5.4
-5.4
-5.4
-6.9
-6.9
-6.3
-6.3
-6.3
-7.5
-7.5
-9.3
-9.3
-9.3
-8.1
-8.1
-8.4
-8.4
-8.4
-9.9
-9.9
-12
-12
-12
-11.1
-11.1
-12.9
-12.9
-12.9
-12.6
-12.6
-12.9
-12.9
-12.9
-12.6
-12.6
-13.2
-13.2
-13.2
-12
-12
-13.8
-13.8
-13.8
-13.8
-13.8
-11.4
-11.4
-11.4
-11.4
-11.4
-12
-12
-12
-11.1
-11.1
-10.5
-10.5
-10.5
-11.4
-11.4
-10.5
-10.5
-10.5
-9.6
-9.6
-10.8
-10.8
-10.8
-9
-9
-8.7
-8.7
-8.7
-9.3
-9.3
-7.8
-7.8
-7.8
-9.3
-9.3
-9.3
-9.3
-9.3
-9
-9
-8.4
-8.4
-8.4
-8.1
-8.1
-6.9
-6.9
-6.9
-9.6
-9.6
-6.9
-6.9
-6.9
-9.6
-9.6
-7.8
-7.8
-7.8
-9.6
-9.6
-8.4
-8.4
-8.4
-10.5
-10.5
-9
-9
-9
-10.8
-10.8
-10.2
-10.2
-10.2
-9
-9
-9.6
-9.6
-9.6
-8.4
-8.4
-7.5
-7.5
-7.5
-9.9
-9.9
-10.5
-10.5
-10.5
-9
-9
-9.6
-9.6
-9.6
-9.9
-9.9
-10.8
-10.8
-10.8
-9.3
-9.3
-10.5
-10.5
-10.5
-9.3
-9.3
-9.3
-9.3
-9.3
-9
-9