-1.36
-1.75
-1.48
-1.51
-1.59
-1.46
-1.57
-1.5
-1.51
-1.5
-1.47
-1.59
-1.6
-1.58
-1.36
-1.47
-1.59
-1.39
-1.47
-1.48
-1.51
-1.55
-1.49
-1.49
-1.54
-1.63
-1.69
-1.55
-1.53
-1.57
-1.62
-1.6
-1.59
-1.53
-1.58
-1.53
-1.82
-1.67
-1.49
-1.08
-1.3
-1.55
-1.69
-1.38
-1.42
-1.23
-1.45
-1.66
-1.6
-1.77
-1.79
-1.84
-2.33
-3.1
-4.62
-5.74
-5.75
-4.85
-3.5
-4.14
-4.33
-4.47
-4.73
-5.22
-5.64
-5.44
-5.45
-5.3
-5.44
-5.17
-5.22
-4.66
-4.6
-4.71
-4.53
-4.12
-3.5
-3.66
-3.55
-3.38
-2.89
-2.46
-2.01
-1.61
-1.49
-1.41
-1.55
-1.8
-2.22
-2.34
-2.54
-3.14
-4.19
-4.72
-4.33
-2.24
-0.41
0.35
0.09
-1.6
-1.54
-1.41
-1.06
-0.76
-0.78
-0.52
-0.28
-0.29
-0.42
-0.34
0.12
0.36
-0.85
-3.32
-2.44
0.58
-3.11
-8.56
-8.59
-4.54
-3
-2.75
-3.17
-1.57
-0.8
-0.31
-0.89
-2.05
-2.28
-2.57
-1.63
-0.99
-1.16
-2.14
-2.41
-2.02
0.99
3.18
2.43
-1.46
-5.64
-8.06
-4.26
-4.48
-4.89
-5.58
-6.09
-3.72
-1.94
-1.55
-1.17
-1.17
-1.33
-1.1
-0.46
-0.6
-1.08
-0.77
-0.26
-0.25
-1.95
-2.19
0.69
2.8
-6.09
-12.16
-4.36
-2.83
-3.3
-3.17
-4.24
-3.46
-2.69
-1.88
-1.01
-0.44
-0.5
-1.35
-1.96
-1.11
-0.93
0.09
1.73
3.41
3.47
2.73
0.67
-2.88
-3.48
-3.1
-2.43
-0.91
0.73
2.45
1.01
0.95
1.6
1.53
1.25
1.17
0.79
-0.14
-1.66
-4.02
-5.58
-2.98
-0.14
-0.13
-2.12
-4.19
-5.4
-5.15
-4.64
-4.54
-4.24
-3.96
-4.02
-4.15
-4.15
-3.77
-3.98
-5.26
-6.69
-7.15
-5.69
-3.36
-1.09
-1.11
-1.65
-2.09
-2.95
-3.47
-3.07
-2.82
-2.58
-2.88
-2.83
-2.55
-2.21
-2.08
-1.64
-1.61
-2.14
-2.33
-2.17
-1.8
-1.51
-1.4
-1.59
-1.6
-1.06
-0.4
-0.52
-1.23
-1.05
-0.58
0.71
1.65
-0.23
-0.93
-2.96
-3.56
-3.87
-3.73
-4.21
-4.5
-4.41
-4.02
-2.4
-2.08
-1.9
-1.54
-1.62
-1.61
-1.62
-1.13
-0.9
-0.82
-0.54
0.32
0.69
0.65
-0.67
-3.35
-7
-5.29
-4.73
-4.1
-3.42
-2.95
-2.68
-2.4
-2.34
-2.45
-2.23
-1.86
-1.51
-1.26
-1.38
-1.41
-1.53
-2.04
-1.91
-1.78
-1.61
-1.13
-1.3
-1.46
-1.7
-1.67
-1.4
-1.29
-0.72
-0.66
-1.49
-3.66
-4.56
-3.62
-2.02
-3.18
-3.79
-5.52
-5.46
-3.8
-2.15
-1.92
-1.55
-1.61
-1.44
-1.4
-1.26
-1.61
-1.24
-0.99
-1.11
-1.14
-1.17
-1.13
-1.51
-1.07
-0.93
-2.3
-3.66
-3.35
-1.3
-1.02
-3.03
-4.27
-4.69
-3.66
-3.08
-2.95
-2.48
-2.15
-2.19
-2.51
-2.76
-2.63
-2.04
-1.75
-1.77
-1.9
-1.89
-1.65
-1.6
-1.46
-1.57
-1.58
-1.72
-1.85
-1.92
-2.21
-2.07
-1.31
-0.91
-0.7
-1.53
-2.7
-3.53
-3.54
-2.98
-2.11
-2.89
-3.4
-2.73
-2.63
-2.98
-3.3
-2.65
-2.32
-2.43
-2.3
-2.07
-1.61
-1.31
-1.39
-1.61
-1.7
-1.58
-1.89
-2.11
-2.08
-2.22
-2.33
-2.4
-1.95
-0.77
-1.16
-2.14
-3.68
-4.44
-3.31
-1.79
-0.98
-0.64
-0.74
-1.7
-2.18
-2.19
-1.59
-1.01
-0.9
-1
-1.34
-1.4
-1.56
-1.95
-2.29
-2.17
-1.82
-2
-2.46
-2.73
-2.33
-1.71
-2.17
-2.85
-3.03
-3.19
-2.76
-2.33
-2.29
-2.61
-3.07
-3.83
-3.91
-3.27
-2.69
-2.45
-2.61
-2.88
-3.27
-3.79
-4.11
-4.49
-4.21
-3.93
-3.36
-3.08
-4.51
-5.55
-6.04
-6.12
-6.3
-6.59
-5.11
-4.06
-4
-4.02
-3.2
-2.71
-2.44
-2.46
-3.14
-3.89
-4.15
-4.05
-4.32
-4.49
-4.47
-4.63
-4.84
-4.43
-4.37
-4.64
-4.96
-5.2
-5.14
-5.17
-5.33
-5.25
-5.31
-5.32
-5.07
-5.17
-5.22
-4.83
-4.03
-3.25
-4.75
-5.47
-5.34
-4.99
-6.24
-4.88
-4.69
-4.76
-5.31
-5.17
-4.92
-4.67
-4.87
-5.14
-5.05
-4.77
-4.22
-4.16
-4.16
-3.66
-3.07
-2.41
-2.1
-1.65
-1.33
-1.04
-0.84
-1.18
-1.35
-1.24
-1.32
-1.5
-1.57
-1.28
-1.09
-1.15
-1.23
-1.33
-1.39
-1.55
-1.54
-1.24
-0.91
-1.03
-1.53
-1.86
-1.22
-0.34
-0.35
-1.48
-2.49
-3.2
-3.12
-2.92
-3.2
-3.58
-3.67
-3.5
-3.07
-2.88
-2.83
-2.82
-2.95
-2.4
-2.14
-1.95
-1.78
-1.64
-1.66
-1.78
-1.77
-1.77
-1.67
-1.68
-1.53
-1.49
-1.73
-1.81
-1.96
-1.82
-1.54
-1.35
-1.38
-1.54
-1.46
-1.28
-1.41
-1.43
-1.33
-1.51
-1.58
-1.47
-1.58
-1.48
-1.56
-1.46
-1.41
-1.43
-1.46
-1.65
-1.61
-1.63
-1.43
-1.42
-1.56
-1.68
-1.7
-1.68
-1.6
-1.63
-1.55
-1.61
-1.6
-1.58
-1.56
-1.53
-1.49
-1.32
-1.3
-1.3
-1.27
-1.26
-1.38
-1.41
-1.44
-1.21
-1.24
-1.46
-1.79
-1.47
-1.37
-1.41
-1.41
-1.24
-1.34
-1.48
-1.4
-1.31
-1.27
-1.31
-1.39
-1.4
-1.44
-1.32
-1.24
-1.33
-1.45
-1.45
-1.39
-1.3
-1.17
-1.22
-1.33