9.38
9.67
9.76
9.71
9.52
9.62
9.41
10.1
10.05
9.68
9.67
9.81
9.57
9.85
9.63
9.63
9.63
9.27
9.23
9.56
9.61
9.62
9.59
9.56
9.61
9.63
9.64
9.5
9.54
9.58
9.46
9.44
9.49
9.53
9.55
9.42
9.19
9.59
9.78
9.63
9.81
9.66
9.62
9.34
9.25
9.36
9.66
9.79
9.87
9.79
9.78
10.08
10.12
10.36
10.58
11.26
11.64
11.88
10.3
10.26
9.8
9.41
9.75
9.95
9.89
9.35
9.72
9.67
9.96
10.41
9.88
10.45
10.04
10.41
9.99
10.04
9.9
10.17
10.11
10.22
9.71
9.11
8.87
7.84
6.3
5.01
3.86
3.12
3.36
3.71
5.54
6.46
8.24
9.8
9.63
10.81
8.24
9.1
10.7
11.03
9.68
8.01
7.76
7.87
7.85
7.64
7.9
8.62
9.87
9.68
10.62
11.19
12.56
13.57
13.53
11.63
14.21
14.92
12.59
10.46
10.9
10.78
9.53
6.72
5.71
4.67
4.01
4.74
5.91
6.86
7.32
7.92
8.53
9.48
9.95
10.75
12.37
12.59
11.48
12.67
13.17
12.14
9.49
10.4
12.25
17.23
16.34
11.73
9.32
8.45
7.03
5.74
4.15
3.06
2.52
3.45
5.31
7.47
9.15
9.46
9.77
10.12
9.52
11.99
18.12
18.37
9.42
7.73
13.32
16.15
14.56
11.1
9.3
8.23
6.51
5.64
4.06
4.5
4.54
5.69
7.06
9.52
10.46
10.63
11.32
12.08
12.47
13.16
11.41
8.84
6.25
9.59
13.31
15.52
14
13.26
12.39
10.86
10.85
10.01
11.83
11.66
9.97
9.15
7.1
6.19
7.46
9.24
9.43
8.21
7.76
9.29
10.16
10.03
9.24
8.44
7.65
7.3
7.27
8.36
9.08
10.25
11.34
11.72
10.84
9.54
8.71
9.7
9.57
9
9.25
9.49
9.03
8.92
9.2
9.41
9.69
9.31
9.23
9.46
9.46
9.53
9.01
8.74
8.97
9.48
9.32
8.74
8.86
8.77
9.18
9.61
10.01
10.67
10.66
9.73
11.55
13.5
14.47
13.84
11.44
10.2
9.27
7.07
8.88
10.37
11.76
11.39
10.4
9.89
9.54
8.8
7.06
7.16
7.53
7.64
7.54
8.31
8.28
8.26
7.97
8.05
9.29
10.42
11.19
11.61
10.94
12.87
12.25
10.54
10.03
9.92
9.68
9.51
9.11
8.66
8.72
8.77
8.72
8.57
8.32
8.43
8.4
8.71
8.98
9.11
8.77
8.71
8.59
8.28
8.48
9.41
11.49
11.35
12.12
14.19
13.42
9.34
6.26
7.33
9.97
11.55
10.28
9.07
9.37
9.43
9.05
8.63
8.16
8.09
8.15
8.54
8.5
8.4
8.51
8.95
9.52
9.76
10.13
9.96
10.21
11.21
11.82
10.45
9.21
9.6
10.81
10.45
9.31
8.65
9.28
10.24
9.87
8.94
8.41
8.64
8.85
9.19
9.57
9.51
9.85
9.87
9.81
9.62
9.22
8.91
9.02
9.15
9.31
9.36
9.24
9.19
9.05
8.95
9.27
9.3
9.53
9.42
10.08
11.61
11.2
9.96
10.46
9.05
7.46
7.42
9.26
10.54
10.13
9.24
8.76
8.58
7.52
7.56
7.44
8.02
7.98
7.9
8.03
8.69
9.17
9.49
9.87
9.97
9.98
10.21
10.03
10
10.38
10.85
10.15
9.16
8.75
9.14
9.08
8.98
8.42
9.09
9.77
10.18
10.78
11.07
10.83
9.53
8.89
9.43
9.66
9.61
9.71
9.63
9.92
10.06
9.02
8.37
9.58
10.36
10.44
9.68
9.26
8.97
8.94
9.36
9.85
10.05
9.43
8.92
8.2
7.61
7.5
7.56
7.61
7.6
8.06
8.48
8.52
8.47
8.79
8.43
7.58
8.01
8.49
8.11
8.58
9.22
9.72
9.68
9.09
8.37
8.18
7.9
7.82
8.71
9.46
9.92
9.8
9.16
8.46
8.32
8.17
7.64
7.38
7.53
7.47
7.17
7.07
7.01
6.95
7.08
7.07
7.13
7
7.04
7.34
7.16
7.62
7.98
8.2
8.09
8.15
8.23
8.21
8.51
8.4
8.77
8.31
8.43
8.43
8.89
9.09
8.94
8.87
9.14
10.04
10.45
10.64
10.55
10.56
10.78
10.92
11.19
11.14
11.05
10.65
9.75
9.17
9.26
9.42
9.51
9.63
9.65
9.5
9.14
9.65
9.64
9.67
9.93
9.89
9.94
9.66
9.66
9.86
9.92
9.73
9.74
9.51
10.08
10.6
10.69
10.64
10.17
9.53
8.99
9.52
9.55
9.06
8.59
8.26
8.21
7.81
8.85
9.42
9.27
9.65
9.64
9.48
9.59
9.6
9.83
9.98
9.79
9.65
9.47
9.67
9.61
9.54
9.56
9.3
9.41
9.51
9.59
9.51
9.38
9.39
9.4
9.44
9.68
9.68
9.41
9.28
9.64
9.62
9.57
9.5
9.57
9.67
9.65
9.6
9.51
9.49
9.73
9.53
10.48
9.83
9.51
9.73
9.51
9.59
9.66
9.57
9.62
9.52
9.32
9.42
9.67
9.65
9.46
9.89
9.1
9.59
9.31
9.56
9.59
9.63
9.62
9.64
9.74
9.89
11.07
9.15
9.48
9.53
9.71
9.77
9.86
9.45
9.41
9.68
9.73
9.56
9.63
9.75
9.57
9.44
9.6
9.76
9.63
9.6
9.67
9.67
9.57
9.68
9.78