29.1
29.1
27.9
27.9
27.3
27.3
27.3
29.1
29.1
28.5
28.5
28.5
27.9
27.9
27.3
27.3
27.3
27.3
27.3
28.2
28.2
28.2
29.4
29.4
27.9
27.9
27.9
29.7
29.7
28.2
28.2
28.2
29.1
29.1
29.1
29.1
29.1
28.8
28.8
28.8
28.8
28.8
28.5
28.5
28.8
28.8
28.8
30.3
30.3
30
30
30
30.9
30.9
32.7
32.7
32.7
33
33
34.2
34.2
34.2
35.4
35.4
35.1
35.1
35.1
36.3
36.3
35.7
35.7
35.7
36
36
36
36
36
35.4
35.4
36
36
36
35.4
35.4
32.7
32.7
32.7
34.2
34.2
30.6
30.6
30.6
31.5
31.5
30.6
30.6
30.6
32.1
32.1
31.5
31.5
31.5
33
33
33.9
33.9
33.9
33.6
33.6
35.1
35.1
35.1
35.7
35.7
35.7
35.7
35.7
36
36
36.9
36.9
36.9
36.9
36.9
35.7
35.7
35.7
34.8
34.8
34.2
34.2
34.2
33.9
33.9
35.1
35.1
35.1
35.4
35.4
34.8
34.8
34.8
33.3
33.3
35.4
35.4
35.4
33.3
33.3
33
33
33
32.1
32.1
33
33
33
33.9
33.9
34.5
34.5
34.5
34.5
34.5
34.5
34.5
34.5
35.7
35.7
34.5
34.5
34.5
34.5
34.5
35.7
35.7
35.7
35.1
35.1
32.1
32.1
32.1
32.7
32.7
33.3
33.3
33.3
32.4
32.4
33
33
33
32.7
32.7
32.7
32.7
32.7
31.5
31.5
33.3
33.3
33.3
32.4
32.4
31.2
31.2
31.2
32.1
32.1
25.8
25.8
25.8
24.9
24.9
24.3
24.3
24.3
18.6
18.6
15.9
15.9
15.9
14.7
14.7
9.9
9.9
9.9
9.3
9.3
7.8
7.8
7.8
6.3
6.3
4.2
4.2
4.2
4.2
4.2
4.2
4.5
4.5
2.1
2.1
3.6
3.6
3.6
1.5
1.5
0.3
0.3
0.3
1.2
1.2
1.2
1.2
1.2
0.6
0.6
0.6
2.4
2.4
3
3
3
0.6
0.6
0
0
-1.5
-1.5
-1.5
0
0
0.6
0.6
0.6
0
0
-0.3
-0.3
-0.3
1.2
1.2
1.2
-0.6
-0.6
0
0
0
1.8
1.8
-1.2
-1.2
-1.2
0.6
0.6
0.9
0.9
0.9
1.8
1.8
0.9
0.9
0.9
1.2
1.2
2.7
2.7
2.7
0.9
0.9
1.5
1.5
1.5
3
3
2.1
2.1
2.1
3.9
3.9
1.8
1.8
1.8
3.3
3.3
2.4
2.4
2.4
3.9
3.9
3
3
3
3.3
3.3
2.7
2.7
2.7
2.7
2.7
1.2
1.2
1.2
-0.3
-0.3
2.7
2.7
2.7
1.5
1.5
0.9
0.9
0.9
1.8
1.8
2.4
2.4
2.4
2.7
2.7
2.1
2.1
2.1
2.7
2.7
4.2
4.2
4.2
4.2
4.2
3.9
3.9
3.9
3.6
3.6
2.1
2.1
2.1
2.7
2.7
2.7
2.7
2.7
4.8
4.8
3.6
3.6
3.6
2.7
2.7
3.9
3.9
3.9
2.4
2.4
2.1
2.1
2.1
3.3
3.3
1.8
1.8
1.8
1.8
1.8
1.8
1.8
1.8
0.6
0.6
1.2
1.2
1.2
1.8
1.8
0.3
0.3
0.3
-0.6
-0.6
0.3
0.3
0.3
-0.3
-0.3
1.2
1.2
1.2
-1.2
-1.2
0.3
0.3
0.3
-1.2
-1.2
-1.2
-1.2
-1.2
0.6
0.6
1.5
1.5
1.5
2.4
2.4
5.7
5.7
5.7
6
6
9.3
9.3
9.3
11.4
11.4
12.9
12.9
12.9
14.7
14.7
17.1
17.1
17.1
20.4
20.4
22.8
22.8
22.8
24.3
24.3
26.1
26.1
26.1
27.9
27.9
30.6
30.6
30.6
31.8
31.8
33.3
33.3
33.3
35.4
35.4
35.1
35.1
35.1
36.6
36.6
38.1
38.1
38.1
39.6
39.6
40.2
40.2
40.2
38.1
38.1
39.3
39.3
39.3
38.7
38.7
37.5
37.5
37.5
37.5
37.5
34.8
34.8
34.8
34.5
34.5
31.8
31.8
31.8
32.1
32.1
32.1
32.1
32.1
30.6
30.6
30.9
30.9
30.9
28.2
28.2
28.2
28.2
28.2
27.6
27.6
28.2
28.2
28.2
29.4
29.4
27.6
27.6
27.6
28.2
28.2
27.6
27.6
27.6
28.5
28.5
29.7
29.7
29.7
30
30
29.1
29.1
29.1
29.4
29.4
29.4
29.4
29.4
27.6
27.6
27.3
27.3
27.3
27.9
27.9
26.4
26.4
26.4
28.5
28.5
28.5
28.5
28.5
26.4
26.4
27.6
27.6
27.6
27.9
27.9
26.7
26.7
26.7
27.6
27.6
27.3
27.3
27.3
25.8
25.8
27.6
27.6
27.6
27.6
27.6
27
27
27
27.9
27.9
27
27
27
27.6
27.6
27
27
27
25.8
25.8
28.8
28.8
28.8
25.8
25.8
26.1
26.1
26.1
26.7
26.7
26.1
26.1
26.1
27
27
26.4
26.4
26.4
25.5
25.5
27.6
27.6
27.6
26.7
26.7
26.7
26.7
26.7
26.7
26.7
27.9
27.9
27.9
25.8
25.8